"","X","workerid","item","slide_number","condition","language","pref1","response1","pref2","response2","pref3","response3","pref4","response4","pref5","response5","pref6","response6","pref7","response7","pref8","response8","pref9","response9","obj1","obj2","obj3","ambiguous","numFeatures","obj1OC27","obj2OC27","obj3OC27","DPost_1","DPost_2","DPost_3","DPost_4","DPost_5","DPost_6","DPost_7","DPost_8","DPost_9","MPost1_1","MPost1_2","MPost1_3","MPost1_4","MPost1_5","MPost1_6","MPost1_7","MPost1_8","MPost1_9","MPost2_1","MPost2_2","MPost2_3","MPost2_4","MPost2_5","MPost2_6","MPost2_7","MPost2_8","MPost2_9","KLDiv_1","KLDiv_2","KLDiv_3"
"1",16,1,1625,3,211112,"english","circle",0.7,"striped",0.6,"red",0.7,"solid",0.55,"blue",0.6,"cloud",0.6,"green",0.75,NA,NA,NA,NA,222,123,111,"True",7,14,22,1,0.133,0.156,NA,0.122,0.133,NA,0.133,0.156,0.167,0,0,0,0,0,0,0,0,0,0,0,0,0,0,0,0,0,0,NA,NA,NA
"2",17,1,1685,4,121212,"english","polka-dotted",0.8,"striped",0.85,"green",0.65,"square",0.85,"blue",0.85,"cloud",0.7,NA,NA,NA,NA,NA,NA,331,123,123,"False",6,9,22,22,0.149,NA,0.181,NA,0.181,0.17,0.181,NA,0.138,0,0,0,0,0,0,0,0,0,0,0,0,0,0,0,0,0,0,NA,NA,NA
"3",18,1,1291,5,111111,"english","solid",0.8,"green",0.75,"circle",0.75,"polka-dotted",0.8,"striped",0.8,"square",0.8,"red",0.85,"cloud",0.8,"blue",0.7,231,322,113,"False",9,8,15,19,0.113,0.106,0.113,0.113,0.113,0.113,0.099,0.121,0.106,0,0,0,0,0,0,0,0,0,0,0,0,0,0,0,0,0,0,NA,NA,NA
"4",19,1,384,6,122132,"english","cloud",0.75,"circle",0.85,"polka-dotted",0.8,"solid",0.75,"green",0,NA,NA,NA,NA,NA,NA,NA,NA,233,133,113,"True",5,26,25,19,0.238,0.27,NA,0.238,NA,0.254,NA,NA,0,0,0,0,0,0,0,0,0,0,0,0,0,0,0,0,0,0,0,NA,NA,NA
"5",20,1,1936,7,111212,"english","blue",0.05,"striped",0.9,"solid",0.8,"circle",0.9,"polka-dotted",0.85,"square",0.7,"red",0.75,NA,NA,NA,NA,222,311,331,"True",7,14,3,9,NA,0.182,0.141,0.162,0.182,0.172,0.01,0.152,NA,0,0,0,0,0,0,0,0,0,0,0,0,0,0,0,0,0,0,NA,NA,NA
"6",21,1,1294,8,111111,"english","polka-dotted",0.75,"green",0.75,"circle",0.85,"red",0.7,"blue",0.8,"square",0.85,"cloud",0.7,"solid",0.75,"striped",0.7,112,323,231,"False",9,10,24,8,0.102,0.124,0.124,0.109,0.102,0.109,0.117,0.102,0.109,0,0,0,0,0,0,0,0,0,0,0,0,0,0,0,0,0,0,NA,NA,NA
"7",22,1,2049,9,322122,"english","cloud",0.85,"striped",0.75,"square",0.8,"blue",0.6,"red",0.9,NA,NA,NA,NA,NA,NA,NA,NA,322,321,122,"True",5,15,6,13,0.218,NA,0.205,NA,0.192,NA,0.154,0.231,NA,0,0,0,0,0,0,0,0,0,0,0,0,0,0,0,0,0,0,NA,NA,NA
"8",23,1,1151,10,212232,"english","green",0.75,"cloud",0.85,"solid",0.7,"polka-dotted",0.8,"red",0.8,NA,NA,NA,NA,NA,NA,NA,NA,133,113,132,"True",5,25,19,16,0.218,NA,NA,0.179,NA,0.205,NA,0.205,0.192,0,0,0,0,0,0,0,0,0,0,0,0,0,0,0,0,0,0,NA,NA,NA
"9",24,1,922,11,212121,"english","circle",0.35,"striped",0.25,"blue",0.75,"red",0.25,"square",0.85,"polka-dotted",0.8,NA,NA,NA,NA,NA,NA,222,222,331,"False",6,14,14,9,NA,0.108,0.262,NA,0.077,0.246,0.231,0.077,NA,0,0,0,0,0,0,0,0,0,0,0,0,0,0,0,0,0,0,NA,NA,NA
"10",25,1,1385,12,113211,"english","solid",0.8,"square",0.85,"circle",0.9,"polka-dotted",0.75,"striped",0.85,"cloud",0.65,"blue",0.1,NA,NA,NA,NA,231,311,121,"True",7,8,3,4,0.133,0.184,0.173,0.163,0.173,0.153,0.02,NA,NA,0,0,0,0,0,0,0,0,0,0,0,0,0,0,0,0,0,0,NA,NA,NA
"11",26,1,1783,13,322132,"english","solid",0.15,"blue",0.05,"square",0.1,"striped",1,NA,NA,NA,NA,NA,NA,NA,NA,NA,NA,311,311,321,"True",4,3,3,6,NA,NA,0.077,0.115,0.769,NA,0.038,NA,NA,0,0,0,0,0,0,0,0,0,0,0,0,0,0,0,0,0,0,NA,NA,NA
"12",27,1,1660,14,121212,"english","square",0.2,"solid",0.75,"cloud",0.9,"striped",0.25,"red",0.2,"green",0.85,NA,NA,NA,NA,NA,NA,113,322,322,"False",6,19,15,15,0.286,NA,0.063,0.238,0.079,NA,NA,0.063,0.27,0,0,0,0,0,0,0,0,0,0,0,0,0,0,0,0,0,0,NA,NA,NA
"13",28,1,1165,15,212232,"english","red",0.65,"green",0.3,"circle",0,"striped",0.2,"solid",0.95,NA,NA,NA,NA,NA,NA,NA,NA,223,213,222,"True",5,23,20,14,NA,0,NA,0.452,0.095,NA,NA,0.31,0.143,0,0,0,0,0,0,0,0,0,0,0,0,0,0,0,0,0,0,NA,NA,NA
"14",29,1,953,16,121112,"english","circle",0.75,"green",0.85,"polka-dotted",0.7,"red",0.25,"cloud",0.75,"square",0.7,"striped",0.3,NA,NA,NA,NA,333,122,222,"True",7,27,13,14,0.174,0.174,0.163,NA,0.07,0.163,NA,0.058,0.198,0,0,0,0,0,0,0,0,0,0,0,0,0,0,0,0,0,0,NA,NA,NA
"15",30,1,1002,17,212212,"english","green",0.35,"cloud",0.8,"red",0.75,"square",0.25,"polka-dotted",0.25,"striped",0.7,NA,NA,NA,NA,NA,NA,322,333,132,"True",6,15,27,16,0.258,NA,0.081,NA,0.226,0.081,NA,0.242,0.113,0,0,0,0,0,0,0,0,0,0,0,0,0,0,0,0,0,0,NA,NA,NA
"16",31,2,2321,3,123232,"English","green",1,"striped",1,"square",0.75,"circle",1,NA,NA,NA,NA,NA,NA,NA,NA,NA,NA,323,223,223,"True",4,24,23,23,NA,0.267,0.2,NA,0.267,NA,NA,NA,0.267,0,0,0,0,0,0,0,0,0,0,0,0,0,0,0,0,0,0,NA,NA,NA
"17",32,2,2179,4,121111,"English","circle",0.6,"cloud",0.65,"solid",0.5,"polka-dotted",0.65,"green",0.2,"blue",0.2,"square",0.4,"red",0.25,NA,NA,313,232,131,"True",8,21,17,7,0.188,0.174,0.116,0.145,NA,0.188,0.058,0.072,0.058,0,0,0,0,0,0,0,0,0,0,0,0,0,0,0,0,0,0,NA,NA,NA
"18",33,2,1123,5,321212,"English","solid",0.6,"circle",0.2,"red",1,"square",0.7,"polka-dotted",0.25,NA,NA,NA,NA,NA,NA,NA,NA,232,312,312,"True",5,17,12,12,NA,0.073,0.255,0.218,NA,0.091,NA,0.364,NA,0,0,0,0,0,0,0,0,0,0,0,0,0,0,0,0,0,0,NA,NA,NA
"19",34,2,1001,6,212212,"English","circle",0.25,"cloud",0.65,"striped",0.65,"blue",0.3,"green",0.65,"solid",0.3,NA,NA,NA,NA,NA,NA,223,121,113,"True",6,23,4,19,0.232,0.089,NA,0.107,0.232,NA,0.107,NA,0.232,0,0,0,0,0,0,0,0,0,0,0,0,0,0,0,0,0,0,NA,NA,NA
"20",35,2,1971,7,323232,"English","red",1,"polka-dotted",1,"circle",1,NA,NA,NA,NA,NA,NA,NA,NA,NA,NA,NA,NA,232,232,232,"False",3,17,17,17,NA,0.333,NA,NA,NA,0.333,NA,0.333,NA,0,0,0,0,0,0,0,0,0,0,0,0,0,0,0,0,0,0,NA,NA,NA
"21",36,2,930,8,212121,"English","red",0.25,"square",0.65,"solid",0.25,"blue",0.65,"cloud",0.25,"polka-dotted",0.7,NA,NA,NA,NA,NA,NA,331,331,112,"False",6,9,9,10,0.091,NA,0.236,0.091,NA,0.255,0.236,0.091,NA,0,0,0,0,0,0,0,0,0,0,0,0,0,0,0,0,0,0,NA,NA,NA
"22",37,2,1284,9,111111,"English","red",0.2,"cloud",0.2,"square",0.2,"green",0.2,"solid",0.2,"blue",0.2,"circle",0.2,"striped",0.2,"polka-dotted",0.2,223,111,332,"False",9,23,1,18,0.111,0.111,0.111,0.111,0.111,0.111,0.111,0.111,0.111,0,0,0,0,0,0,0,0,0,0,0,0,0,0,0,0,0,0,NA,NA,NA
"23",38,2,2082,10,321111,"English","green",1,"square",0.2,"striped",0.2,"polka-dotted",0.2,"circle",0.2,"solid",0.2,"cloud",0.25,NA,NA,NA,NA,113,333,223,"True",7,19,27,23,0.111,0.089,0.089,0.089,0.089,0.089,NA,NA,0.444,0,0,0,0,0,0,0,0,0,0,0,0,0,0,0,0,0,0,NA,NA,NA
"24",39,2,1381,11,113211,"English","red",1,"square",0.2,"polka-dotted",0.2,"circle",0.2,"cloud",0.2,"striped",0.2,"solid",0.2,NA,NA,NA,NA,332,122,212,"True",7,18,13,11,0.091,0.091,0.091,0.091,0.091,0.091,NA,0.455,NA,0,0,0,0,0,0,0,0,0,0,0,0,0,0,0,0,0,0,NA,NA,NA
"25",40,2,1759,12,322132,"English","cloud",0.25,"circle",0.65,"red",1,"striped",1,NA,NA,NA,NA,NA,NA,NA,NA,NA,NA,222,222,122,"True",4,14,14,13,0.086,0.224,NA,NA,0.345,NA,NA,0.345,NA,0,0,0,0,0,0,0,0,0,0,0,0,0,0,0,0,0,0,NA,NA,NA
"26",41,2,927,13,212121,"English","polka-dotted",1,"solid",0.25,"blue",1,"circle",0.25,"cloud",0.65,"green",0.25,NA,NA,NA,NA,NA,NA,131,131,213,"False",6,7,7,20,0.191,0.074,NA,0.074,NA,0.294,0.294,NA,0.074,0,0,0,0,0,0,0,0,0,0,0,0,0,0,0,0,0,0,NA,NA,NA
"27",42,2,1862,14,123212,"English","red",1,"polka-dotted",0.3,"striped",0.7,"square",0.7,"cloud",0.3,NA,NA,NA,NA,NA,NA,NA,NA,132,322,322,"True",5,16,15,15,0.1,NA,0.233,NA,0.233,0.1,NA,0.333,NA,0,0,0,0,0,0,0,0,0,0,0,0,0,0,0,0,0,0,NA,NA,NA
"28",43,2,1554,15,322121,"English","red",0.25,"striped",0.25,"cloud",1,"blue",0.7,"polka-dotted",0.7,NA,NA,NA,NA,NA,NA,NA,NA,131,131,122,"True",5,7,7,13,0.345,NA,NA,NA,0.086,0.241,0.241,0.086,NA,0,0,0,0,0,0,0,0,0,0,0,0,0,0,0,0,0,0,NA,NA,NA
"29",44,2,1952,16,323232,"English","polka-dotted",1,"cloud",1,"blue",1,NA,NA,NA,NA,NA,NA,NA,NA,NA,NA,NA,NA,131,131,131,"False",3,7,7,7,0.333,NA,NA,NA,NA,0.333,0.333,NA,NA,0,0,0,0,0,0,0,0,0,0,0,0,0,0,0,0,0,0,NA,NA,NA
"30",45,2,650,17,112121,"English","polka-dotted",0.25,"blue",0.25,"red",0.7,"striped",0.25,"square",0.25,"solid",0.25,"cloud",0.75,NA,NA,NA,NA,132,122,311,"True",7,16,13,3,0.278,NA,0.093,0.093,0.093,0.093,0.093,0.259,NA,0,0,0,0,0,0,0,0,0,0,0,0,0,0,0,0,0,0,NA,NA,NA
"31",46,3,21,3,122112,"English","blue",0.75,"square",0.3,"polka-dotted",0.3,"solid",0.8,"cloud",0.8,"red",0.25,NA,NA,NA,NA,NA,NA,132,111,311,"True",6,16,1,3,0.25,NA,0.094,0.25,NA,0.094,0.234,0.078,NA,0,0,0,0,0,0,0,0,0,0,0,0,0,0,0,0,0,0,NA,NA,NA
"32",47,3,1663,4,121212,"English","blue",0.2,"red",0.85,"polka-dotted",0.2,"circle",0.2,"cloud",0.8,"striped",0.85,NA,NA,NA,NA,NA,NA,231,122,122,"False",6,8,13,13,0.258,0.065,NA,NA,0.274,0.065,0.065,0.274,NA,0,0,0,0,0,0,0,0,0,0,0,0,0,0,0,0,0,0,NA,NA,NA
"33",48,3,399,5,122132,"English","circle",0.2,"blue",1,"striped",0.2,"polka-dotted",0.8,"square",0.8,NA,NA,NA,NA,NA,NA,NA,NA,231,331,321,"True",5,8,9,6,NA,0.067,0.267,NA,0.067,0.267,0.333,NA,NA,0,0,0,0,0,0,0,0,0,0,0,0,0,0,0,0,0,0,NA,NA,NA
"34",49,3,2002,6,322122,"English","square",0.2,"solid",0.25,"red",0.95,"cloud",0.75,"striped",0.8,NA,NA,NA,NA,NA,NA,NA,NA,122,112,322,"True",5,13,10,15,0.254,NA,0.068,0.085,0.271,NA,NA,0.322,NA,0,0,0,0,0,0,0,0,0,0,0,0,0,0,0,0,0,0,NA,NA,NA
"35",50,3,1910,7,111212,"English","polka-dotted",0.25,"green",0.2,"circle",0.65,"red",0.8,"square",0.2,"striped",0.25,"solid",0.25,NA,NA,NA,NA,313,232,222,"True",7,21,17,14,NA,0.25,0.077,0.096,0.096,0.096,NA,0.308,0.077,0,0,0,0,0,0,0,0,0,0,0,0,0,0,0,0,0,0,NA,NA,NA
"36",51,3,1224,8,112112,"English","red",0.25,"circle",0.15,"green",0.8,"cloud",0.25,"polka-dotted",0.8,"solid",0.15,"square",0.2,NA,NA,NA,NA,313,233,132,"True",7,21,26,16,0.096,0.058,0.077,0.058,NA,0.308,NA,0.096,0.308,0,0,0,0,0,0,0,0,0,0,0,0,0,0,0,0,0,0,NA,NA,NA
"37",52,3,1791,9,322132,"English","polka-dotted",0.2,"cloud",1,"red",0.95,"striped",0.7,NA,NA,NA,NA,NA,NA,NA,NA,NA,NA,122,122,132,"True",4,13,13,16,0.351,NA,NA,NA,0.246,0.07,NA,0.333,NA,0,0,0,0,0,0,0,0,0,0,0,0,0,0,0,0,0,0,NA,NA,NA
"38",53,3,109,10,212111,"English","blue",0.2,"cloud",0.2,"striped",0.75,"square",0.75,"green",0.2,"red",0.25,"polka-dotted",0.2,NA,NA,NA,NA,322,321,133,"True",7,15,6,25,0.078,NA,0.294,NA,0.294,0.078,0.078,0.098,0.078,0,0,0,0,0,0,0,0,0,0,0,0,0,0,0,0,0,0,NA,NA,NA
"39",54,3,1952,11,323232,"English","polka-dotted",1,"cloud",0.95,"blue",1,NA,NA,NA,NA,NA,NA,NA,NA,NA,NA,NA,NA,131,131,131,"False",3,7,7,7,0.322,NA,NA,NA,NA,0.339,0.339,NA,NA,0,0,0,0,0,0,0,0,0,0,0,0,0,0,0,0,0,0,NA,NA,NA
"40",55,3,1530,12,322112,"English","green",0.95,"square",0.25,"cloud",0.8,"striped",0.25,"solid",0.8,NA,NA,NA,NA,NA,NA,NA,NA,123,113,313,"True",5,22,19,21,0.262,NA,0.082,0.262,0.082,NA,NA,NA,0.311,0,0,0,0,0,0,0,0,0,0,0,0,0,0,0,0,0,0,NA,NA,NA
"41",56,3,1997,13,323232,"English","cloud",0.95,"red",0.95,"solid",0.95,NA,NA,NA,NA,NA,NA,NA,NA,NA,NA,NA,NA,112,112,112,"False",3,10,10,10,0.333,NA,NA,0.333,NA,NA,NA,0.333,NA,0,0,0,0,0,0,0,0,0,0,0,0,0,0,0,0,0,0,NA,NA,NA
"42",57,3,410,14,321112,"English","blue",0.2,"solid",1,"red",0.25,"cloud",0.7,"square",0.2,"green",0.25,NA,NA,NA,NA,NA,NA,311,112,113,"True",6,3,10,19,0.269,NA,0.077,0.385,NA,NA,0.077,0.096,0.096,0,0,0,0,0,0,0,0,0,0,0,0,0,0,0,0,0,0,NA,NA,NA
"43",58,3,2227,15,323211,"English","cloud",0.25,"polka-dotted",0.95,"square",0.25,"blue",0.95,"circle",0.25,NA,NA,NA,NA,NA,NA,NA,NA,231,131,331,"True",5,8,7,9,0.094,0.094,0.094,NA,NA,0.358,0.358,NA,NA,0,0,0,0,0,0,0,0,0,0,0,0,0,0,0,0,0,0,NA,NA,NA
"44",59,3,1272,16,111111,"English","solid",0.2,"polka-dotted",0.2,"circle",0.2,"striped",0.2,"green",0.2,"red",0.2,"blue",0.2,"cloud",0.2,"square",0.2,122,333,211,"False",9,13,27,2,0.111,0.111,0.111,0.111,0.111,0.111,0.111,0.111,0.111,0,0,0,0,0,0,0,0,0,0,0,0,0,0,0,0,0,0,NA,NA,NA
"45",60,3,1980,17,323232,"English","blue",0.95,"cloud",1,"solid",0.95,NA,NA,NA,NA,NA,NA,NA,NA,NA,NA,NA,NA,111,111,111,"False",3,1,1,1,0.345,NA,NA,0.328,NA,NA,0.328,NA,NA,0,0,0,0,0,0,0,0,0,0,0,0,0,0,0,0,0,0,NA,NA,NA
"46",61,4,523,3,112132,"english","polka-dotted",0.3,"square",0.65,"red",0.8,"solid",0.55,"circle",0.75,"cloud",0.6,NA,NA,NA,NA,NA,NA,212,112,332,"True",6,11,10,18,0.164,0.205,0.178,0.151,NA,0.082,NA,0.219,NA,0,0,0,0,0,0,0,0,0,0,0,0,0,0,0,0,0,0,NA,NA,NA
"47",62,4,1965,4,323232,"english","cloud",0.9,"blue",0.95,"solid",0.7,NA,NA,NA,NA,NA,NA,NA,NA,NA,NA,NA,NA,111,111,111,"False",3,1,1,1,0.353,NA,NA,0.275,NA,NA,0.373,NA,NA,0,0,0,0,0,0,0,0,0,0,0,0,0,0,0,0,0,0,NA,NA,NA
"48",63,4,932,5,212121,"english","green",0.6,"blue",0.7,"polka-dotted",0.5,"solid",0.35,"circle",0.6,"square",0.5,NA,NA,NA,NA,NA,NA,311,311,233,"False",6,3,3,26,NA,0.185,0.154,0.108,NA,0.154,0.215,NA,0.185,0,0,0,0,0,0,0,0,0,0,0,0,0,0,0,0,0,0,NA,NA,NA
"49",64,4,1933,6,111212,"english","square",0.6,"polka-dotted",0.4,"red",0.3,"cloud",0.35,"solid",0.5,"striped",0.35,"green",0.45,NA,NA,NA,NA,122,333,313,"True",7,13,27,21,0.119,NA,0.203,0.169,0.119,0.136,NA,0.102,0.153,0,0,0,0,0,0,0,0,0,0,0,0,0,0,0,0,0,0,NA,NA,NA
"50",65,4,1078,7,113212,"english","solid",0.9,"square",0.85,"green",0.9,"circle",0.7,"striped",0.5,"cloud",0.6,NA,NA,NA,NA,NA,NA,123,213,313,"True",6,22,20,21,0.135,0.157,0.191,0.202,0.112,NA,NA,NA,0.202,0,0,0,0,0,0,0,0,0,0,0,0,0,0,0,0,0,0,NA,NA,NA
"51",66,4,1443,8,322111,"english","red",0.35,"solid",0.5,"polka-dotted",0.5,"blue",0.6,"striped",0.4,"square",0.6,NA,NA,NA,NA,NA,NA,321,331,312,"True",6,6,9,12,NA,NA,0.203,0.169,0.136,0.169,0.203,0.119,NA,0,0,0,0,0,0,0,0,0,0,0,0,0,0,0,0,0,0,NA,NA,NA
"52",67,4,1399,9,113211,"english","striped",0.5,"red",0.65,"square",0.35,"blue",0.6,"cloud",0.5,"circle",0.35,"green",0.5,NA,NA,NA,NA,123,221,322,"True",7,22,5,15,0.145,0.101,0.101,NA,0.145,NA,0.174,0.188,0.145,0,0,0,0,0,0,0,0,0,0,0,0,0,0,0,0,0,0,NA,NA,NA
"53",68,4,1277,10,111111,"english","square",0.35,"red",0.35,"green",0.25,"circle",0.4,"striped",0.2,"blue",0.4,"polka-dotted",0.3,"cloud",0.25,"solid",0.35,331,212,123,"False",9,9,11,22,0.088,0.14,0.123,0.123,0.07,0.105,0.14,0.123,0.088,0,0,0,0,0,0,0,0,0,0,0,0,0,0,0,0,0,0,NA,NA,NA
"54",69,4,1624,11,211112,"english","red",0.2,"green",0.3,"circle",0.5,"blue",0.25,"polka-dotted",0.35,"solid",0.3,"cloud",0.35,NA,NA,NA,NA,133,231,212,"True",7,25,8,11,0.156,0.222,NA,0.133,NA,0.156,0.111,0.089,0.133,0,0,0,0,0,0,0,0,0,0,0,0,0,0,0,0,0,0,NA,NA,NA
"55",70,4,875,12,112122,"english","striped",0.25,"circle",0.4,"square",0.2,"blue",0.3,"solid",0.2,"red",0.35,"polka-dotted",0.25,NA,NA,NA,NA,322,331,212,"True",7,15,9,11,NA,0.205,0.103,0.103,0.128,0.128,0.154,0.179,NA,0,0,0,0,0,0,0,0,0,0,0,0,0,0,0,0,0,0,NA,NA,NA
"56",71,4,916,13,212121,"english","solid",0.4,"circle",0.5,"cloud",0.5,"striped",0.25,"green",0.6,"blue",0.3,NA,NA,NA,NA,NA,NA,123,123,211,"False",6,22,22,2,0.196,0.196,NA,0.157,0.098,NA,0.118,NA,0.235,0,0,0,0,0,0,0,0,0,0,0,0,0,0,0,0,0,0,NA,NA,NA
"57",72,4,533,14,112132,"english","striped",0.35,"solid",0.5,"circle",0.3,"polka-dotted",0.2,"red",0.65,"square",0.25,NA,NA,NA,NA,NA,NA,232,222,312,"True",6,17,14,12,NA,0.133,0.111,0.222,0.156,0.089,NA,0.289,NA,0,0,0,0,0,0,0,0,0,0,0,0,0,0,0,0,0,0,NA,NA,NA
"58",73,4,1959,15,323232,"english","polka-dotted",0.9,"red",0.95,"square",0.95,NA,NA,NA,NA,NA,NA,NA,NA,NA,NA,NA,NA,332,332,332,"False",3,18,18,18,NA,NA,0.339,NA,NA,0.321,NA,0.339,NA,0,0,0,0,0,0,0,0,0,0,0,0,0,0,0,0,0,0,NA,NA,NA
"59",74,4,1362,16,113211,"english","green",0.4,"red",0.5,"square",0.6,"blue",0.25,"solid",0.4,"cloud",0.6,"circle",0.4,NA,NA,NA,NA,213,112,311,"True",7,20,10,3,0.19,0.127,0.19,0.127,NA,NA,0.079,0.159,0.127,0,0,0,0,0,0,0,0,0,0,0,0,0,0,0,0,0,0,NA,NA,NA
"60",75,4,1850,17,122121,"english","green",0.6,"solid",0.3,"striped",0.5,"circle",0.65,"cloud",0.4,"blue",0.7,NA,NA,NA,NA,NA,NA,221,211,113,"True",6,5,2,19,0.127,0.206,NA,0.095,0.159,NA,0.222,NA,0.19,0,0,0,0,0,0,0,0,0,0,0,0,0,0,0,0,0,0,NA,NA,NA
"61",91,6,1118,3,321212,"English","blue",0.7,"green",0.75,"cloud",0.6,"solid",0.7,"circle",0.65,NA,NA,NA,NA,NA,NA,NA,NA,211,113,113,"True",5,2,19,19,0.176,0.191,NA,0.206,NA,NA,0.206,NA,0.221,0,0,0,0,0,0,0,0,0,0,0,0,0,0,0,0,0,0,NA,NA,NA
"62",92,6,1715,4,212112,"English","square",0.7,"solid",0.8,"blue",0.65,"red",0.75,"circle",0.85,"striped",0.8,NA,NA,NA,NA,NA,NA,211,212,322,"True",6,2,11,15,NA,0.187,0.154,0.176,0.176,NA,0.143,0.165,NA,0,0,0,0,0,0,0,0,0,0,0,0,0,0,0,0,0,0,NA,NA,NA
"63",93,6,1180,5,212232,"English","striped",0.7,"polka-dotted",0.8,"cloud",0.75,"green",0.85,"blue",0.85,NA,NA,NA,NA,NA,NA,NA,NA,131,133,121,"True",5,7,25,4,0.19,NA,NA,NA,0.177,0.203,0.215,NA,0.215,0,0,0,0,0,0,0,0,0,0,0,0,0,0,0,0,0,0,NA,NA,NA
"64",94,6,791,6,211212,"English","striped",0.8,"blue",0.7,"circle",0.75,"red",0.7,"cloud",0.85,"polka-dotted",0.65,NA,NA,NA,NA,NA,NA,131,221,222,"True",6,7,5,14,0.191,0.169,NA,NA,0.18,0.146,0.157,0.157,NA,0,0,0,0,0,0,0,0,0,0,0,0,0,0,0,0,0,0,NA,NA,NA
"65",95,6,333,7,213211,"English","circle",0.8,"polka-dotted",0.7,"square",0.85,"blue",0.7,"cloud",0.8,"solid",0.85,NA,NA,NA,NA,NA,NA,231,331,111,"True",6,8,9,1,0.17,0.17,0.181,0.181,NA,0.149,0.149,NA,NA,0,0,0,0,0,0,0,0,0,0,0,0,0,0,0,0,0,0,NA,NA,NA
"66",96,6,632,8,112121,"English","blue",0.9,"solid",0.85,"square",0.8,"cloud",0.75,"green",0.8,"striped",0.65,"circle",0.8,NA,NA,NA,NA,121,321,213,"True",7,4,6,20,0.135,0.144,0.144,0.153,0.117,NA,0.162,NA,0.144,0,0,0,0,0,0,0,0,0,0,0,0,0,0,0,0,0,0,NA,NA,NA
"67",97,6,1669,9,121212,"English","green",0.85,"square",0.8,"solid",0.75,"striped",0.8,"red",0.7,"cloud",0.7,NA,NA,NA,NA,NA,NA,123,312,312,"False",6,22,12,12,0.152,NA,0.174,0.163,0.174,NA,NA,0.152,0.185,0,0,0,0,0,0,0,0,0,0,0,0,0,0,0,0,0,0,NA,NA,NA
"68",98,6,2269,10,213232,"English","striped",0.8,"cloud",0.7,"polka-dotted",0.75,"red",0.8,NA,NA,NA,NA,NA,NA,NA,NA,NA,NA,122,122,132,"True",4,13,13,16,0.23,NA,NA,NA,0.262,0.246,NA,0.262,NA,0,0,0,0,0,0,0,0,0,0,0,0,0,0,0,0,0,0,NA,NA,NA
"69",99,6,945,11,212121,"English","square",0.8,"red",0.75,"cloud",0.7,"striped",0.8,"blue",0.65,"solid",0.8,NA,NA,NA,NA,NA,NA,311,311,122,"False",6,3,3,13,0.156,NA,0.178,0.178,0.178,NA,0.144,0.167,NA,0,0,0,0,0,0,0,0,0,0,0,0,0,0,0,0,0,0,NA,NA,NA
"70",100,6,101,12,212111,"English","polka-dotted",0.9,"striped",0.85,"green",0.7,"blue",0.75,"square",0.8,"cloud",0.7,"circle",0.8,NA,NA,NA,NA,323,123,231,"True",7,24,22,8,0.127,0.145,0.145,NA,0.155,0.164,0.136,NA,0.127,0,0,0,0,0,0,0,0,0,0,0,0,0,0,0,0,0,0,NA,NA,NA
"71",101,6,2179,13,121111,"English","blue",0.85,"red",0.8,"circle",0.9,"polka-dotted",0.8,"green",0.9,"square",0.75,"cloud",0.75,"solid",0.75,NA,NA,313,232,131,"True",8,21,17,7,0.115,0.138,0.115,0.115,NA,0.123,0.131,0.123,0.138,0,0,0,0,0,0,0,0,0,0,0,0,0,0,0,0,0,0,NA,NA,NA
"72",102,6,1654,14,121212,"English","polka-dotted",0.8,"green",0.8,"circle",0.85,"solid",0.95,"cloud",0.85,"blue",0.8,NA,NA,NA,NA,NA,NA,131,213,213,"False",6,7,20,20,0.168,0.168,NA,0.188,NA,0.158,0.158,NA,0.158,0,0,0,0,0,0,0,0,0,0,0,0,0,0,0,0,0,0,NA,NA,NA
"73",103,6,1975,15,323232,"English","polka-dotted",0.85,"circle",0.65,"green",0.9,NA,NA,NA,NA,NA,NA,NA,NA,NA,NA,NA,NA,233,233,233,"False",3,26,26,26,NA,0.271,NA,NA,NA,0.354,NA,NA,0.375,0,0,0,0,0,0,0,0,0,0,0,0,0,0,0,0,0,0,NA,NA,NA
"74",104,6,1245,16,112112,"English","polka-dotted",0.9,"striped",0.9,"cloud",0.8,"solid",0.85,"green",0.7,"square",0.75,"blue",0.85,NA,NA,NA,NA,123,333,311,"True",7,22,27,3,0.139,NA,0.13,0.148,0.157,0.157,0.148,NA,0.122,0,0,0,0,0,0,0,0,0,0,0,0,0,0,0,0,0,0,NA,NA,NA
"75",105,6,915,17,212121,"English","square",1,"blue",0.75,"striped",0.8,"solid",0.85,"green",0.7,"cloud",0.75,NA,NA,NA,NA,NA,NA,113,113,321,"False",6,19,19,6,0.155,NA,0.206,0.175,0.165,NA,0.155,NA,0.144,0,0,0,0,0,0,0,0,0,0,0,0,0,0,0,0,0,0,NA,NA,NA
"76",106,7,1538,3,322112,"English","circle",0.05,"green",0.8,"red",0.6,"solid",0.6,"striped",0.6,NA,NA,NA,NA,NA,NA,NA,NA,223,222,212,"True",5,23,14,11,NA,0.019,NA,0.226,0.226,NA,NA,0.226,0.302,0,0,0,0,0,0,0,0,0,0,0,0,0,0,0,0,0,0,NA,NA,NA
"77",107,7,521,4,112132,"English","polka-dotted",1,"red",1,"solid",0.95,"striped",1,"blue",0.75,"square",0.1,NA,NA,NA,NA,NA,NA,331,321,312,"True",6,9,6,12,NA,NA,0.021,0.198,0.208,0.208,0.156,0.208,NA,0,0,0,0,0,0,0,0,0,0,0,0,0,0,0,0,0,0,NA,NA,NA
"78",108,7,1961,5,323232,"English","green",0.7,"solid",0.7,"square",0.7,NA,NA,NA,NA,NA,NA,NA,NA,NA,NA,NA,NA,313,313,313,"False",3,21,21,21,NA,NA,0.333,0.333,NA,NA,NA,NA,0.333,0,0,0,0,0,0,0,0,0,0,0,0,0,0,0,0,0,0,NA,NA,NA
"79",109,7,1657,6,121212,"English","cloud",0.95,"polka-dotted",0.6,"red",1,"circle",0.65,"solid",0.9,"green",0.7,NA,NA,NA,NA,NA,NA,112,233,233,"False",6,10,26,26,0.198,0.135,NA,0.188,NA,0.125,NA,0.208,0.146,0,0,0,0,0,0,0,0,0,0,0,0,0,0,0,0,0,0,NA,NA,NA
"80",110,7,2037,7,322122,"English","red",0.9,"square",0.95,"circle",0.65,"green",0.65,"solid",0.2,NA,NA,NA,NA,NA,NA,NA,NA,213,212,313,"True",5,20,11,21,NA,0.194,0.284,0.06,NA,NA,NA,0.269,0.194,0,0,0,0,0,0,0,0,0,0,0,0,0,0,0,0,0,0,NA,NA,NA
"81",111,7,914,8,212121,"English","polka-dotted",0.95,"green",0.65,"striped",0.65,"blue",1,"circle",0.6,"square",0.9,NA,NA,NA,NA,NA,NA,223,223,331,"False",6,23,23,9,NA,0.126,0.189,NA,0.137,0.2,0.211,NA,0.137,0,0,0,0,0,0,0,0,0,0,0,0,0,0,0,0,0,0,NA,NA,NA
"82",112,7,933,9,212121,"English","cloud",0.6,"blue",1,"square",1,"solid",0.95,"striped",0.6,"green",0.6,NA,NA,NA,NA,NA,NA,123,123,311,"False",6,22,22,3,0.126,NA,0.211,0.2,0.126,NA,0.211,NA,0.126,0,0,0,0,0,0,0,0,0,0,0,0,0,0,0,0,0,0,NA,NA,NA
"83",113,7,1478,10,123211,"English","circle",0.95,"green",0.95,"polka-dotted",0.2,"blue",0.95,"red",0.95,"cloud",0.65,NA,NA,NA,NA,NA,NA,233,131,132,"True",6,26,7,16,0.14,0.204,NA,NA,NA,0.043,0.204,0.204,0.204,0,0,0,0,0,0,0,0,0,0,0,0,0,0,0,0,0,0,NA,NA,NA
"84",114,7,1103,11,321212,"English","solid",0.95,"blue",0.65,"red",1,"circle",0.3,"striped",0.75,NA,NA,NA,NA,NA,NA,NA,NA,212,221,221,"True",5,11,5,5,NA,0.082,NA,0.26,0.205,NA,0.178,0.274,NA,0,0,0,0,0,0,0,0,0,0,0,0,0,0,0,0,0,0,NA,NA,NA
"85",115,7,756,12,211212,"English","polka-dotted",0.75,"red",0.75,"green",0.95,"square",0.75,"striped",0.95,"circle",1,NA,NA,NA,NA,NA,NA,222,332,333,"True",6,14,18,27,NA,0.194,0.146,NA,0.184,0.146,NA,0.146,0.184,0,0,0,0,0,0,0,0,0,0,0,0,0,0,0,0,0,0,NA,NA,NA
"86",116,7,1866,13,123212,"English","solid",0.9,"green",0.3,"square",0.8,"circle",0.95,"striped",0.95,NA,NA,NA,NA,NA,NA,NA,NA,223,313,313,"True",5,23,21,21,NA,0.244,0.205,0.231,0.244,NA,NA,NA,0.077,0,0,0,0,0,0,0,0,0,0,0,0,0,0,0,0,0,0,NA,NA,NA
"87",117,7,1043,14,212212,"English","cloud",0.7,"circle",0.95,"green",0.95,"solid",0.85,"red",0.85,"polka-dotted",0.95,NA,NA,NA,NA,NA,NA,212,132,113,"True",6,11,16,19,0.133,0.181,NA,0.162,NA,0.181,NA,0.162,0.181,0,0,0,0,0,0,0,0,0,0,0,0,0,0,0,0,0,0,NA,NA,NA
"88",118,7,1668,15,121212,"English","cloud",0.95,"striped",1,"blue",0.6,"green",0.95,"circle",0.6,"solid",0.6,NA,NA,NA,NA,NA,NA,123,211,211,"False",6,22,2,2,0.202,0.128,NA,0.128,0.213,NA,0.128,NA,0.202,0,0,0,0,0,0,0,0,0,0,0,0,0,0,0,0,0,0,NA,NA,NA
"89",119,7,825,16,112111,"English","circle",1,"striped",1,"square",0.95,"solid",0.95,"polka-dotted",1,"red",0.95,"blue",0.65,"cloud",0.95,NA,NA,131,221,312,"True",8,7,5,12,0.128,0.134,0.128,0.128,0.134,0.134,0.087,0.128,NA,0,0,0,0,0,0,0,0,0,0,0,0,0,0,0,0,0,0,NA,NA,NA
"90",120,7,816,17,112111,"English","striped",0.95,"polka-dotted",0.95,"green",0.65,"red",1,"cloud",1,"circle",0.95,"square",0.95,"solid",0.95,NA,NA,213,123,332,"True",8,20,22,18,0.135,0.128,0.128,0.128,0.128,0.128,NA,0.135,0.088,0,0,0,0,0,0,0,0,0,0,0,0,0,0,0,0,0,0,NA,NA,NA
"91",136,9,489,3,211111,"English","square",0.2,"red",0.65,"blue",0.5,"polka-dotted",0.15,"solid",0.6,"striped",0.8,"circle",0.25,"cloud",0.75,NA,NA,311,121,232,"True",8,3,4,17,0.192,0.064,0.051,0.154,0.205,0.038,0.128,0.167,NA,0,0,0,0,0,0,0,0,0,0,0,0,0,0,0,0,0,0,NA,NA,NA
"92",137,9,2249,4,323211,"English","solid",0.25,"cloud",0.65,"circle",0.6,"red",0.25,"square",0.1,NA,NA,NA,NA,NA,NA,NA,NA,112,212,312,"True",5,10,11,12,0.351,0.324,0.054,0.135,NA,NA,NA,0.135,NA,0,0,0,0,0,0,0,0,0,0,0,0,0,0,0,0,0,0,NA,NA,NA
"93",138,9,312,5,213211,"English","polka-dotted",0.85,"cloud",0.75,"solid",0.25,"circle",0.8,"blue",0.55,"striped",0.15,NA,NA,NA,NA,NA,NA,121,131,211,"True",6,4,7,2,0.224,0.239,NA,0.075,0.045,0.254,0.164,NA,NA,0,0,0,0,0,0,0,0,0,0,0,0,0,0,0,0,0,0,NA,NA,NA
"94",139,9,1664,6,121212,"English","cloud",0.55,"blue",0.25,"green",0.85,"square",0.7,"striped",0.5,"solid",0.1,NA,NA,NA,NA,NA,NA,321,113,113,"False",6,6,19,19,0.186,NA,0.237,0.034,0.169,NA,0.085,NA,0.288,0,0,0,0,0,0,0,0,0,0,0,0,0,0,0,0,0,0,NA,NA,NA
"95",140,9,1688,7,121212,"English","red",0.25,"circle",0.75,"cloud",0.15,"striped",0.9,"polka-dotted",0.75,"blue",0.45,NA,NA,NA,NA,NA,NA,232,121,121,"False",6,17,4,4,0.046,0.231,NA,NA,0.277,0.231,0.138,0.077,NA,0,0,0,0,0,0,0,0,0,0,0,0,0,0,0,0,0,0,NA,NA,NA
"96",141,9,1270,8,111111,"English","circle",0.75,"polka-dotted",0.7,"red",0.25,"solid",0.9,"striped",0.6,"square",0.1,"cloud",0.9,"green",0.85,"blue",0.3,332,111,223,"False",9,18,1,23,0.168,0.14,0.019,0.168,0.112,0.131,0.056,0.047,0.159,0,0,0,0,0,0,0,0,0,0,0,0,0,0,0,0,0,0,NA,NA,NA
"97",142,9,535,9,112132,"English","red",0.1,"square",0.8,"blue",0.8,"green",0.9,"striped",0.3,"polka-dotted",0.3,NA,NA,NA,NA,NA,NA,322,321,333,"True",6,15,6,27,NA,NA,0.25,NA,0.094,0.094,0.25,0.031,0.281,0,0,0,0,0,0,0,0,0,0,0,0,0,0,0,0,0,0,NA,NA,NA
"98",143,9,679,10,212211,"English","solid",0.85,"square",0.15,"red",0.7,"circle",0.6,"polka-dotted",0.1,"blue",0.65,"striped",0.35,NA,NA,NA,NA,232,312,221,"True",7,17,12,5,NA,0.176,0.044,0.25,0.103,0.029,0.191,0.206,NA,0,0,0,0,0,0,0,0,0,0,0,0,0,0,0,0,0,0,NA,NA,NA
"99",144,9,1972,11,323232,"English","blue",0.25,"cloud",0.15,"polka-dotted",0.9,NA,NA,NA,NA,NA,NA,NA,NA,NA,NA,NA,NA,131,131,131,"False",3,7,7,7,0.115,NA,NA,NA,NA,0.692,0.192,NA,NA,0,0,0,0,0,0,0,0,0,0,0,0,0,0,0,0,0,0,NA,NA,NA
"100",145,9,1752,12,322132,"English","cloud",0.2,"polka-dotted",0.95,"red",0.75,"circle",0.5,NA,NA,NA,NA,NA,NA,NA,NA,NA,NA,132,132,232,"True",4,16,16,17,0.083,0.208,NA,NA,NA,0.396,NA,0.312,NA,0,0,0,0,0,0,0,0,0,0,0,0,0,0,0,0,0,0,NA,NA,NA
"101",146,9,1676,13,121212,"English","circle",0.35,"solid",0.2,"blue",0.75,"square",0.5,"striped",0.25,"red",0.9,NA,NA,NA,NA,NA,NA,222,311,311,"False",6,14,3,3,NA,0.119,0.169,0.068,0.085,NA,0.254,0.305,NA,0,0,0,0,0,0,0,0,0,0,0,0,0,0,0,0,0,0,NA,NA,NA
"102",147,9,569,14,213212,"English","cloud",0.85,"green",0.55,"blue",0.75,"polka-dotted",0.05,"striped",0.3,NA,NA,NA,NA,NA,NA,NA,NA,123,133,131,"True",5,22,25,7,0.34,NA,NA,NA,0.12,0.02,0.3,NA,0.22,0,0,0,0,0,0,0,0,0,0,0,0,0,0,0,0,0,0,NA,NA,NA
"103",148,9,2255,15,213232,"English","square",0.15,"solid",0.65,"blue",0.3,"green",0.75,NA,NA,NA,NA,NA,NA,NA,NA,NA,NA,311,311,313,"True",4,3,3,21,NA,NA,0.081,0.351,NA,NA,0.162,NA,0.405,0,0,0,0,0,0,0,0,0,0,0,0,0,0,0,0,0,0,NA,NA,NA
"104",149,9,1017,16,212212,"English","solid",0.45,"square",0.1,"cloud",0.75,"polka-dotted",0.55,"red",0.95,"green",0.15,NA,NA,NA,NA,NA,NA,313,332,112,"True",6,21,18,10,0.254,NA,0.034,0.153,NA,0.186,NA,0.322,0.051,0,0,0,0,0,0,0,0,0,0,0,0,0,0,0,0,0,0,NA,NA,NA
"105",150,9,1813,17,122121,"English","square",0.8,"red",0.4,"striped",0.75,"green",0.75,"polka-dotted",0.15,"circle",0.9,NA,NA,NA,NA,NA,NA,223,323,332,"True",6,23,24,18,NA,0.24,0.213,NA,0.2,0.04,NA,0.107,0.2,0,0,0,0,0,0,0,0,0,0,0,0,0,0,0,0,0,0,NA,NA,NA
"106",151,10,2222,3,323211,"English","square",0,"solid",0.6,"green",0,"striped",1,"polka-dotted",0.75,NA,NA,NA,NA,NA,NA,NA,NA,323,333,313,"True",5,24,27,21,NA,NA,0,0.255,0.426,0.319,NA,NA,0,0,0,0,0,0,0,0,0,0,0,0,0,0,0,0,0,0,0,NA,NA,NA
"107",152,10,926,4,212121,"English","cloud",0,"red",0.6,"blue",0.8,"striped",0.8,"solid",0.6,"square",1,NA,NA,NA,NA,NA,NA,112,112,321,"False",6,10,10,6,0,NA,0.263,0.158,0.211,NA,0.211,0.158,NA,0,0,0,0,0,0,0,0,0,0,0,0,0,0,0,0,0,0,NA,NA,NA
"108",153,10,156,5,323212,"English","circle",0,"polka-dotted",0.7,"red",0,"solid",1,NA,NA,NA,NA,NA,NA,NA,NA,NA,NA,212,232,232,"True",4,11,17,17,NA,0,NA,0.588,NA,0.412,NA,0,NA,0,0,0,0,0,0,0,0,0,0,0,0,0,0,0,0,0,0,NA,NA,NA
"109",154,10,1379,6,113211,"English","blue",0.8,"green",0.8,"circle",0.8,"cloud",0.8,"red",0.8,"solid",0,"square",0.8,NA,NA,NA,NA,311,113,212,"True",7,3,19,11,0.167,0.167,0.167,0,NA,NA,0.167,0.167,0.167,0,0,0,0,0,0,0,0,0,0,0,0,0,0,0,0,0,0,NA,NA,NA
"110",155,10,1873,7,123212,"English","square",0,"solid",0.6,"polka-dotted",0.6,"blue",0.95,"red",0.6,NA,NA,NA,NA,NA,NA,NA,NA,331,312,312,"True",5,9,12,12,NA,NA,0,0.218,NA,0.218,0.345,0.218,NA,0,0,0,0,0,0,0,0,0,0,0,0,0,0,0,0,0,0,NA,NA,NA
"111",156,10,1454,8,123211,"English","striped",0.75,"solid",0.75,"polka-dotted",0.75,"square",0,"green",1,"blue",0.3,NA,NA,NA,NA,NA,NA,323,331,311,"True",6,24,9,3,NA,NA,0,0.211,0.211,0.211,0.085,NA,0.282,0,0,0,0,0,0,0,0,0,0,0,0,0,0,0,0,0,0,NA,NA,NA
"112",157,10,2000,9,323232,"English","striped",0,"blue",0,"circle",0,NA,NA,NA,NA,NA,NA,NA,NA,NA,NA,NA,NA,221,221,221,"False",3,5,5,5,NA,0.333,NA,NA,0.333,NA,0.333,NA,NA,0,0,0,0,0,0,0,0,0,0,0,0,0,0,0,0,0,0,NA,NA,NA
"113",158,10,1281,10,111111,"English","solid",0.8,"blue",0.8,"circle",0.8,"red",0.8,"cloud",0.8,"square",0.8,"polka-dotted",0.8,"green",0.8,"striped",0.8,332,223,111,"False",9,18,23,1,0.111,0.111,0.111,0.111,0.111,0.111,0.111,0.111,0.111,0,0,0,0,0,0,0,0,0,0,0,0,0,0,0,0,0,0,NA,NA,NA
"114",159,10,1660,11,121212,"English","cloud",0.75,"green",0.75,"square",0.3,"red",0.3,"solid",0.6,"striped",0.3,NA,NA,NA,NA,NA,NA,113,322,322,"False",6,19,15,15,0.25,NA,0.1,0.2,0.1,NA,NA,0.1,0.25,0,0,0,0,0,0,0,0,0,0,0,0,0,0,0,0,0,0,NA,NA,NA
"115",160,10,2174,12,121111,"English","solid",0.8,"polka-dotted",0.8,"cloud",0.8,"red",0.8,"green",0.8,"circle",0.8,"square",0.8,"blue",0.8,NA,NA,233,112,311,"True",8,26,10,3,0.125,0.125,0.125,0.125,NA,0.125,0.125,0.125,0.125,0,0,0,0,0,0,0,0,0,0,0,0,0,0,0,0,0,0,NA,NA,NA
"116",161,10,128,13,212111,"English","solid",0.35,"circle",0.7,"square",0.7,"blue",0.7,"striped",0.7,"cloud",0.7,"red",0.35,NA,NA,NA,NA,312,212,121,"True",7,12,11,4,0.167,0.167,0.167,0.083,0.167,NA,0.167,0.083,NA,0,0,0,0,0,0,0,0,0,0,0,0,0,0,0,0,0,0,NA,NA,NA
"117",162,10,425,14,321112,"English","green",0.75,"polka-dotted",0.75,"solid",0.75,"square",0,"striped",0.75,"blue",0.35,NA,NA,NA,NA,NA,NA,323,331,311,"True",6,24,9,3,NA,NA,0,0.224,0.224,0.224,0.104,NA,0.224,0,0,0,0,0,0,0,0,0,0,0,0,0,0,0,0,0,0,NA,NA,NA
"118",163,10,1984,15,323232,"English","solid",0,"green",0,"circle",0,NA,NA,NA,NA,NA,NA,NA,NA,NA,NA,NA,NA,213,213,213,"False",3,20,20,20,NA,0.333,NA,0.333,NA,NA,NA,NA,0.333,0,0,0,0,0,0,0,0,0,0,0,0,0,0,0,0,0,0,NA,NA,NA
"119",164,10,1205,16,112112,"English","solid",0.7,"circle",0.7,"green",0.7,"red",0.7,"square",0.7,"polka-dotted",0.7,"blue",0.7,NA,NA,NA,NA,311,212,233,"True",7,3,11,26,NA,0.143,0.143,0.143,NA,0.143,0.143,0.143,0.143,0,0,0,0,0,0,0,0,0,0,0,0,0,0,0,0,0,0,NA,NA,NA
"120",165,10,165,17,323212,"English","square",0,"striped",1,"polka-dotted",0.55,"red",0,NA,NA,NA,NA,NA,NA,NA,NA,NA,NA,322,332,332,"True",4,15,18,18,NA,NA,0,NA,0.645,0.355,NA,0,NA,0,0,0,0,0,0,0,0,0,0,0,0,0,0,0,0,0,0,NA,NA,NA
"121",166,11,1983,3,323232,"English","polka-dotted",0.5,"blue",0.5,"cloud",0.5,NA,NA,NA,NA,NA,NA,NA,NA,NA,NA,NA,NA,131,131,131,"False",3,7,7,7,0.333,NA,NA,NA,NA,0.333,0.333,NA,NA,0,0,0,0,0,0,0,0,0,0,0,0,0,0,0,0,0,0,NA,NA,NA
"122",167,11,1941,4,111212,"English","blue",1,"red",0,"polka-dotted",1,"circle",0,"striped",1,"solid",1,"cloud",1,NA,NA,NA,NA,111,232,222,"True",7,1,17,14,0.2,0,NA,0.2,0.2,0.2,0.2,0,NA,0,0,0,0,0,0,0,0,0,0,0,0,0,0,0,0,0,0,NA,NA,NA
"123",168,11,2324,5,123232,"English","square",1,"cloud",0,"polka-dotted",0,"green",0,NA,NA,NA,NA,NA,NA,NA,NA,NA,NA,333,133,133,"True",4,27,25,25,0,NA,1,NA,NA,0,NA,NA,0,0,0,0,0,0,0,0,0,0,0,0,0,0,0,0,0,0,0,NA,NA,NA
"124",169,11,2238,6,323211,"English","solid",0.7,"circle",0,"polka-dotted",0.7,"striped",0.7,"blue",0,NA,NA,NA,NA,NA,NA,NA,NA,221,231,211,"True",5,5,8,2,NA,0,NA,0.333,0.333,0.333,0,NA,NA,0,0,0,0,0,0,0,0,0,0,0,0,0,0,0,0,0,0,NA,NA,NA
"125",170,11,1666,7,121212,"English","green",0,"circle",0,"polka-dotted",0.5,"square",1,"solid",1,"red",1,NA,NA,NA,NA,NA,NA,312,233,233,"False",6,12,26,26,NA,0,0.286,0.286,NA,0.143,NA,0.286,0,0,0,0,0,0,0,0,0,0,0,0,0,0,0,0,0,0,0,NA,NA,NA
"126",171,11,918,8,212121,"English","polka-dotted",0.8,"square",0,"blue",0.8,"striped",0,"green",0,"cloud",0.8,NA,NA,NA,NA,NA,NA,323,323,131,"False",6,24,24,7,0.333,NA,0,NA,0,0.333,0.333,NA,0,0,0,0,0,0,0,0,0,0,0,0,0,0,0,0,0,0,0,NA,NA,NA
"127",172,11,1768,9,322132,"English","red",0,"solid",0.5,"polka-dotted",0.8,"square",0,NA,NA,NA,NA,NA,NA,NA,NA,NA,NA,312,312,332,"True",4,12,12,18,NA,NA,0,0.385,NA,0.615,NA,0,NA,0,0,0,0,0,0,0,0,0,0,0,0,0,0,0,0,0,0,NA,NA,NA
"128",173,11,1951,10,323232,"English","polka-dotted",0.4,"circle",0.4,"green",0.4,NA,NA,NA,NA,NA,NA,NA,NA,NA,NA,NA,NA,233,233,233,"False",3,26,26,26,NA,0.333,NA,NA,NA,0.333,NA,NA,0.333,0,0,0,0,0,0,0,0,0,0,0,0,0,0,0,0,0,0,NA,NA,NA
"129",174,11,1788,11,322132,"English","square",0.25,"striped",0,"green",0,"cloud",0.8,NA,NA,NA,NA,NA,NA,NA,NA,NA,NA,323,323,123,"True",4,24,24,22,0.762,NA,0.238,NA,0,NA,NA,NA,0,0,0,0,0,0,0,0,0,0,0,0,0,0,0,0,0,0,0,NA,NA,NA
"130",175,11,523,12,112132,"English","circle",0.75,"red",0,"polka-dotted",0.75,"cloud",0.75,"square",0.75,"solid",0,NA,NA,NA,NA,NA,NA,212,112,332,"True",6,11,10,18,0.25,0.25,0.25,0,NA,0.25,NA,0,NA,0,0,0,0,0,0,0,0,0,0,0,0,0,0,0,0,0,0,NA,NA,NA
"131",176,11,2007,13,322122,"English","solid",0.7,"cloud",0,"green",0,"striped",0.3,"circle",0.7,NA,NA,NA,NA,NA,NA,NA,NA,123,113,223,"True",5,22,19,23,0,0.412,NA,0.412,0.176,NA,NA,NA,0,0,0,0,0,0,0,0,0,0,0,0,0,0,0,0,0,0,0,NA,NA,NA
"132",177,11,420,14,321112,"English","square",0.75,"circle",0.75,"striped",0,"blue",0,"green",0.75,"cloud",0.75,NA,NA,NA,NA,NA,NA,323,121,221,"True",6,24,4,5,0.25,0.25,0.25,NA,0,NA,0,NA,0.25,0,0,0,0,0,0,0,0,0,0,0,0,0,0,0,0,0,0,NA,NA,NA
"133",178,11,601,15,112121,"English","striped",0.8,"square",0.8,"solid",0.8,"blue",0.8,"polka-dotted",0.8,"cloud",0,"green",0,NA,NA,NA,NA,123,133,311,"True",7,22,25,3,0,NA,0.2,0.2,0.2,0.2,0.2,NA,0,0,0,0,0,0,0,0,0,0,0,0,0,0,0,0,0,0,0,NA,NA,NA
"134",179,11,135,16,212111,"English","cloud",0,"polka-dotted",0,"blue",0.85,"square",0.85,"solid",0.85,"red",0.85,"green",0.85,NA,NA,NA,NA,133,132,311,"True",7,25,16,3,0,NA,0.2,0.2,NA,0,0.2,0.2,0.2,0,0,0,0,0,0,0,0,0,0,0,0,0,0,0,0,0,0,NA,NA,NA
"135",180,11,1996,17,323232,"English","square",0.3,"red",0.3,"polka-dotted",0.3,NA,NA,NA,NA,NA,NA,NA,NA,NA,NA,NA,NA,332,332,332,"False",3,18,18,18,NA,NA,0.333,NA,NA,0.333,NA,0.333,NA,0,0,0,0,0,0,0,0,0,0,0,0,0,0,0,0,0,0,NA,NA,NA
"136",181,12,384,3,122132,"English","green",1,"cloud",0.65,"circle",0.35,"solid",0.35,"polka-dotted",0.65,NA,NA,NA,NA,NA,NA,NA,NA,233,133,113,"True",5,26,25,19,0.217,0.117,NA,0.117,NA,0.217,NA,NA,0.333,0,0,0,0,0,0,0,0,0,0,0,0,0,0,0,0,0,0,NA,NA,NA
"137",182,12,1959,4,323232,"English","polka-dotted",1,"square",1,"red",1,NA,NA,NA,NA,NA,NA,NA,NA,NA,NA,NA,NA,332,332,332,"False",3,18,18,18,NA,NA,0.333,NA,NA,0.333,NA,0.333,NA,0,0,0,0,0,0,0,0,0,0,0,0,0,0,0,0,0,0,NA,NA,NA
"138",183,12,1976,5,323232,"English","blue",1,"polka-dotted",1,"square",1,NA,NA,NA,NA,NA,NA,NA,NA,NA,NA,NA,NA,331,331,331,"False",3,9,9,9,NA,NA,0.333,NA,NA,0.333,0.333,NA,NA,0,0,0,0,0,0,0,0,0,0,0,0,0,0,0,0,0,0,NA,NA,NA
"139",184,12,1866,6,123212,"English","striped",0.3,"circle",0.3,"green",1,"square",0.7,"solid",0.7,NA,NA,NA,NA,NA,NA,NA,NA,223,313,313,"True",5,23,21,21,NA,0.1,0.233,0.233,0.1,NA,NA,NA,0.333,0,0,0,0,0,0,0,0,0,0,0,0,0,0,0,0,0,0,NA,NA,NA
"140",185,12,944,7,212121,"English","striped",0.3,"polka-dotted",0.65,"blue",0.65,"circle",0.3,"red",0.3,"square",0.65,NA,NA,NA,NA,NA,NA,331,331,222,"False",6,9,9,14,NA,0.105,0.228,NA,0.105,0.228,0.228,0.105,NA,0,0,0,0,0,0,0,0,0,0,0,0,0,0,0,0,0,0,NA,NA,NA
"141",186,12,1904,8,111212,"English","solid",0.25,"green",0.7,"cloud",0.25,"blue",0.25,"circle",0.25,"square",0.25,"polka-dotted",0.7,NA,NA,NA,NA,111,233,333,"True",7,1,26,27,0.094,0.094,0.094,0.094,NA,0.264,0.094,NA,0.264,0,0,0,0,0,0,0,0,0,0,0,0,0,0,0,0,0,0,NA,NA,NA
"142",187,12,1749,9,212112,"English","square",0.65,"circle",0.3,"striped",0.65,"polka-dotted",0.3,"blue",0.3,"green",0.65,NA,NA,NA,NA,NA,NA,223,323,331,"True",6,23,24,9,NA,0.105,0.228,NA,0.228,0.105,0.105,NA,0.228,0,0,0,0,0,0,0,0,0,0,0,0,0,0,0,0,0,0,NA,NA,NA
"143",188,12,291,10,212222,"English","solid",0.3,"striped",0.7,"circle",0.3,"square",0.7,"red",0.3,"blue",0.7,NA,NA,NA,NA,NA,NA,321,312,221,"True",6,6,12,5,NA,0.1,0.233,0.1,0.233,NA,0.233,0.1,NA,0,0,0,0,0,0,0,0,0,0,0,0,0,0,0,0,0,0,NA,NA,NA
"144",189,12,586,11,213212,"English","striped",0.3,"blue",0.7,"red",0.3,"polka-dotted",0.7,"square",1,NA,NA,NA,NA,NA,NA,NA,NA,332,331,321,"True",5,18,9,6,NA,NA,0.333,NA,0.1,0.233,0.233,0.1,NA,0,0,0,0,0,0,0,0,0,0,0,0,0,0,0,0,0,0,NA,NA,NA
"145",190,12,1890,12,123212,"English","green",0.65,"solid",0.3,"polka-dotted",0.65,"blue",0.3,"circle",1,NA,NA,NA,NA,NA,NA,NA,NA,211,233,233,"True",5,2,26,26,NA,0.345,NA,0.103,NA,0.224,0.103,NA,0.224,0,0,0,0,0,0,0,0,0,0,0,0,0,0,0,0,0,0,NA,NA,NA
"146",191,12,1672,13,121212,"English","striped",0.25,"cloud",0.65,"polka-dotted",0.65,"circle",0.25,"red",0.65,"green",0.25,NA,NA,NA,NA,NA,NA,223,132,132,"False",6,23,16,16,0.241,0.093,NA,NA,0.093,0.241,NA,0.241,0.093,0,0,0,0,0,0,0,0,0,0,0,0,0,0,0,0,0,0,NA,NA,NA
"147",192,12,1305,14,122122,"English","polka-dotted",0.7,"cloud",0.25,"square",0.7,"blue",0.25,"green",0.7,"striped",0.25,NA,NA,NA,NA,NA,NA,323,331,133,"True",6,24,9,25,0.088,NA,0.246,NA,0.088,0.246,0.088,NA,0.246,0,0,0,0,0,0,0,0,0,0,0,0,0,0,0,0,0,0,NA,NA,NA
"148",193,12,423,15,321112,"English","striped",0.3,"blue",0.7,"polka-dotted",0.3,"solid",0.3,"green",0.3,"circle",1,NA,NA,NA,NA,NA,NA,213,231,221,"True",6,20,8,5,NA,0.345,NA,0.103,0.103,0.103,0.241,NA,0.103,0,0,0,0,0,0,0,0,0,0,0,0,0,0,0,0,0,0,NA,NA,NA
"149",194,12,1553,16,322121,"English","square",0.7,"blue",1,"cloud",0.3,"striped",0.3,"polka-dotted",0.7,NA,NA,NA,NA,NA,NA,NA,NA,331,331,121,"True",5,9,9,4,0.1,NA,0.233,NA,0.1,0.233,0.333,NA,NA,0,0,0,0,0,0,0,0,0,0,0,0,0,0,0,0,0,0,NA,NA,NA
"150",195,12,1655,17,121212,"English","polka-dotted",0.7,"striped",0.25,"blue",0.7,"cloud",0.7,"circle",0.25,"red",0.25,NA,NA,NA,NA,NA,NA,222,131,131,"False",6,14,7,7,0.246,0.088,NA,NA,0.088,0.246,0.246,0.088,NA,0,0,0,0,0,0,0,0,0,0,0,0,0,0,0,0,0,0,NA,NA,NA
"151",196,13,1973,3,323232,"English","green",1,"striped",1,"circle",1,NA,NA,NA,NA,NA,NA,NA,NA,NA,NA,NA,NA,223,223,223,"False",3,23,23,23,NA,0.333,NA,NA,0.333,NA,NA,NA,0.333,0,0,0,0,0,0,0,0,0,0,0,0,0,0,0,0,0,0,NA,NA,NA
"152",197,13,1692,4,121212,"English","striped",1,"polka-dotted",0,"circle",1,"blue",1,"square",0,"green",0,NA,NA,NA,NA,NA,NA,221,333,333,"False",6,5,27,27,NA,0.333,0,NA,0.333,0,0.333,NA,0,0,0,0,0,0,0,0,0,0,0,0,0,0,0,0,0,0,0,NA,NA,NA
"153",198,13,433,5,321112,"English","solid",1,"cloud",1,"green",1,"red",0,"striped",0,"polka-dotted",0,NA,NA,NA,NA,NA,NA,132,123,113,"True",6,16,22,19,0.333,NA,NA,0.333,0,0,NA,0,0.333,0,0,0,0,0,0,0,0,0,0,0,0,0,0,0,0,0,0,NA,NA,NA
"154",199,13,958,6,121112,"English","blue",1,"square",0,"solid",1,"red",0,"polka-dotted",0,"cloud",0,"circle",1,NA,NA,NA,NA,332,211,111,"True",7,18,2,1,0,0.333,0,0.333,NA,0,0.333,0,NA,0,0,0,0,0,0,0,0,0,0,0,0,0,0,0,0,0,0,NA,NA,NA
"155",200,13,1967,7,323232,"English","solid",1,"cloud",1,"green",1,NA,NA,NA,NA,NA,NA,NA,NA,NA,NA,NA,NA,113,113,113,"False",3,19,19,19,0.333,NA,NA,0.333,NA,NA,NA,NA,0.333,0,0,0,0,0,0,0,0,0,0,0,0,0,0,0,0,0,0,NA,NA,NA
"156",201,13,1981,8,323232,"English","blue",1,"circle",1,"solid",1,NA,NA,NA,NA,NA,NA,NA,NA,NA,NA,NA,NA,211,211,211,"False",3,2,2,2,NA,0.333,NA,0.333,NA,NA,0.333,NA,NA,0,0,0,0,0,0,0,0,0,0,0,0,0,0,0,0,0,0,NA,NA,NA
"157",202,13,1063,9,113212,"English","solid",1,"green",0,"striped",0,"blue",1,"cloud",1,"polka-dotted",0,NA,NA,NA,NA,NA,NA,111,123,133,"True",6,1,22,25,0.333,NA,NA,0.333,0,0,0.333,NA,0,0,0,0,0,0,0,0,0,0,0,0,0,0,0,0,0,0,0,NA,NA,NA
"158",203,13,894,10,112122,"English","solid",0.95,"red",0,"square",0,"polka-dotted",0,"blue",1,"cloud",0,"circle",1,NA,NA,NA,NA,131,332,211,"True",7,7,18,2,0,0.339,0,0.322,NA,0,0.339,0,NA,0,0,0,0,0,0,0,0,0,0,0,0,0,0,0,0,0,0,NA,NA,NA
"159",204,13,452,11,211111,"English","polka-dotted",1,"blue",1,"square",0,"solid",0,"red",0,"green",0,"circle",1,"cloud",0,NA,NA,313,112,231,"True",8,21,10,8,0,0.333,0,0,NA,0.333,0.333,0,0,0,0,0,0,0,0,0,0,0,0,0,0,0,0,0,0,0,0,NA,NA,NA
"160",205,13,1633,12,211112,"English","red",1,"striped",0,"solid",1,"blue",0,"circle",0,"square",1,"green",0,NA,NA,NA,NA,312,211,223,"True",7,12,2,23,NA,0,0.333,0.333,0,NA,0,0.333,0,0,0,0,0,0,0,0,0,0,0,0,0,0,0,0,0,0,0,NA,NA,NA
"161",206,13,2058,13,321111,"English","square",1,"solid",0,"red",1,"polka-dotted",0,"circle",0,"striped",1,"cloud",0,NA,NA,NA,NA,322,212,132,"True",7,15,11,16,0,0,0.333,0,0.333,0,NA,0.333,NA,0,0,0,0,0,0,0,0,0,0,0,0,0,0,0,0,0,0,NA,NA,NA
"162",207,13,1282,14,111111,"English","striped",1,"solid",0,"circle",1,"square",0,"cloud",0,"green",0,"red",0,"blue",1,"polka-dotted",0,332,221,113,"False",9,18,5,19,0,0.333,0,0,0.333,0,0.333,0,0,0,0,0,0,0,0,0,0,0,0,0,0,0,0,0,0,0,0,NA,NA,NA
"163",208,13,2091,15,321111,"English","red",1,"polka-dotted",1,"striped",0,"green",0,"square",1,"solid",0,"blue",0,NA,NA,NA,NA,311,323,332,"True",7,3,24,18,NA,NA,0.333,0,0,0.333,0,0.333,0,0,0,0,0,0,0,0,0,0,0,0,0,0,0,0,0,0,0,NA,NA,NA
"164",209,13,889,16,112122,"English","square",0,"polka-dotted",1,"circle",1,"striped",0,"red",1,"green",0,"cloud",0,NA,NA,NA,NA,333,232,123,"True",7,27,17,22,0,0.333,0,NA,0,0.333,NA,0.333,0,0,0,0,0,0,0,0,0,0,0,0,0,0,0,0,0,0,0,NA,NA,NA
"165",210,13,1117,17,321212,"English","cloud",1,"green",1,"red",0,"polka-dotted",1,"solid",0,NA,NA,NA,NA,NA,NA,NA,NA,133,112,112,"True",5,25,10,10,0.333,NA,NA,0,NA,0.333,NA,0,0.333,0,0,0,0,0,0,0,0,0,0,0,0,0,0,0,0,0,0,NA,NA,NA
"166",211,14,1250,3,112112,"ENGLISH","green",0.65,"blue",0.6,"red",0.75,"square",0.85,"cloud",0.75,"striped",0.45,"polka-dotted",0.5,NA,NA,NA,NA,321,332,133,"True",7,6,18,25,0.165,NA,0.187,NA,0.099,0.11,0.132,0.165,0.143,0,0,0,0,0,0,0,0,0,0,0,0,0,0,0,0,0,0,NA,NA,NA
"167",212,14,1959,4,323232,"ENGLISH","polka-dotted",0.8,"square",0.9,"red",0.65,NA,NA,NA,NA,NA,NA,NA,NA,NA,NA,NA,NA,332,332,332,"False",3,18,18,18,NA,NA,0.383,NA,NA,0.34,NA,0.277,NA,0,0,0,0,0,0,0,0,0,0,0,0,0,0,0,0,0,0,NA,NA,NA
"168",213,14,2197,5,121111,"ENGLISH","square",0.5,"cloud",0.4,"blue",0.65,"striped",0.15,"circle",0.55,"green",0.6,"polka-dotted",0.4,"red",0.75,NA,NA,132,323,221,"True",8,16,24,5,0.1,0.138,0.125,NA,0.038,0.1,0.162,0.188,0.15,0,0,0,0,0,0,0,0,0,0,0,0,0,0,0,0,0,0,NA,NA,NA
"169",214,14,1322,6,122122,"ENGLISH","cloud",0.6,"circle",0.35,"polka-dotted",0.75,"red",0.7,"green",0.75,"solid",0.7,NA,NA,NA,NA,NA,NA,232,133,112,"True",6,17,25,10,0.156,0.091,NA,0.182,NA,0.195,NA,0.182,0.195,0,0,0,0,0,0,0,0,0,0,0,0,0,0,0,0,0,0,NA,NA,NA
"170",215,14,1286,7,111111,"ENGLISH","square",0.75,"circle",0.65,"polka-dotted",0.85,"blue",0.65,"solid",0.85,"striped",0.2,"green",0.6,"red",0.25,"cloud",0.6,211,122,333,"False",9,2,13,27,0.111,0.12,0.139,0.157,0.037,0.157,0.12,0.046,0.111,0,0,0,0,0,0,0,0,0,0,0,0,0,0,0,0,0,0,NA,NA,NA
"171",216,14,816,8,112111,"ENGLISH","red",0.7,"cloud",0.45,"circle",0.65,"solid",0.3,"polka-dotted",0.15,"square",0.05,"striped",0,"green",0,NA,NA,213,123,332,"True",8,20,22,18,0.196,0.283,0.022,0.13,0,0.065,NA,0.304,0,0,0,0,0,0,0,0,0,0,0,0,0,0,0,0,0,0,0,NA,NA,NA
"172",217,14,1758,9,322132,"ENGLISH","red",0.2,"solid",0.2,"square",0.7,"polka-dotted",0.6,NA,NA,NA,NA,NA,NA,NA,NA,NA,NA,312,312,332,"True",4,12,12,18,NA,NA,0.412,0.118,NA,0.353,NA,0.118,NA,0,0,0,0,0,0,0,0,0,0,0,0,0,0,0,0,0,0,NA,NA,NA
"173",218,14,1309,10,122122,"ENGLISH","solid",0.3,"square",0.7,"circle",0.85,"striped",0.4,"green",0.1,"red",0.95,NA,NA,NA,NA,NA,NA,212,223,322,"True",6,11,23,15,NA,0.258,0.212,0.091,0.121,NA,NA,0.288,0.03,0,0,0,0,0,0,0,0,0,0,0,0,0,0,0,0,0,0,NA,NA,NA
"174",219,14,467,11,211111,"ENGLISH","striped",0.7,"blue",0.3,"square",0.65,"red",0.2,"polka-dotted",0.6,"solid",0.45,"cloud",0.3,"circle",0.75,NA,NA,232,112,321,"True",8,17,10,6,0.076,0.19,0.165,0.114,0.177,0.152,0.076,0.051,NA,0,0,0,0,0,0,0,0,0,0,0,0,0,0,0,0,0,0,NA,NA,NA
"175",220,14,1838,12,122121,"ENGLISH","striped",0.2,"cloud",0.7,"green",0.4,"polka-dotted",0.75,"square",0.35,"red",0.6,NA,NA,NA,NA,NA,NA,323,333,132,"True",6,24,27,16,0.233,NA,0.117,NA,0.067,0.25,NA,0.2,0.133,0,0,0,0,0,0,0,0,0,0,0,0,0,0,0,0,0,0,NA,NA,NA
"176",221,14,1951,13,323232,"ENGLISH","circle",0.7,"polka-dotted",0.3,"green",0.6,NA,NA,NA,NA,NA,NA,NA,NA,NA,NA,NA,NA,233,233,233,"False",3,26,26,26,NA,0.438,NA,NA,NA,0.188,NA,NA,0.375,0,0,0,0,0,0,0,0,0,0,0,0,0,0,0,0,0,0,NA,NA,NA
"177",222,14,1469,14,123211,"ENGLISH","solid",0.35,"striped",0.65,"red",0.65,"polka-dotted",0.7,"square",0.85,"blue",0.55,NA,NA,NA,NA,NA,NA,311,322,332,"True",6,3,15,18,NA,NA,0.227,0.093,0.173,0.187,0.147,0.173,NA,0,0,0,0,0,0,0,0,0,0,0,0,0,0,0,0,0,0,NA,NA,NA
"178",223,14,1293,15,111111,"ENGLISH","cloud",0.55,"polka-dotted",0.4,"green",0.55,"circle",0.35,"striped",0.65,"square",0.25,"solid",0.8,"blue",0.9,"red",1,322,233,111,"False",9,15,26,1,0.101,0.064,0.046,0.147,0.119,0.073,0.165,0.183,0.101,0,0,0,0,0,0,0,0,0,0,0,0,0,0,0,0,0,0,NA,NA,NA
"179",224,14,948,16,212121,"ENGLISH","solid",0.9,"blue",0.95,"cloud",1,"striped",1,"red",0.95,"square",0.95,NA,NA,NA,NA,NA,NA,322,322,111,"False",6,15,15,1,0.174,NA,0.165,0.157,0.174,NA,0.165,0.165,NA,0,0,0,0,0,0,0,0,0,0,0,0,0,0,0,0,0,0,NA,NA,NA
"180",225,14,1208,17,112112,"ENGLISH","striped",0.9,"circle",1,"green",1,"polka-dotted",1,"blue",0.85,"square",0.85,"cloud",0.9,NA,NA,NA,NA,321,223,133,"True",7,6,23,25,0.138,0.154,0.131,NA,0.138,0.154,0.131,NA,0.154,0,0,0,0,0,0,0,0,0,0,0,0,0,0,0,0,0,0,NA,NA,NA
"181",226,15,2077,3,321111,"english","cloud",0.85,"striped",0.95,"green",0.8,"polka-dotted",0.9,"blue",0.75,"red",1,"solid",0.8,NA,NA,NA,NA,113,121,132,"True",7,19,4,16,0.14,NA,NA,0.132,0.157,0.149,0.124,0.165,0.132,0,0,0,0,0,0,0,0,0,0,0,0,0,0,0,0,0,0,NA,NA,NA
"182",227,15,1965,4,323232,"english","cloud",0.7,"solid",0.9,"blue",0.75,NA,NA,NA,NA,NA,NA,NA,NA,NA,NA,NA,NA,111,111,111,"False",3,1,1,1,0.298,NA,NA,0.383,NA,NA,0.319,NA,NA,0,0,0,0,0,0,0,0,0,0,0,0,0,0,0,0,0,0,NA,NA,NA
"183",228,15,2036,5,322122,"english","red",0.8,"cloud",0.95,"solid",0.75,"green",0.85,"circle",0.75,NA,NA,NA,NA,NA,NA,NA,NA,212,213,112,"True",5,11,20,10,0.232,0.183,NA,0.183,NA,NA,NA,0.195,0.207,0,0,0,0,0,0,0,0,0,0,0,0,0,0,0,0,0,0,NA,NA,NA
"184",229,15,690,6,212211,"english","circle",0.85,"square",1,"red",0.8,"striped",0.9,"blue",0.75,"cloud",0.85,"polka-dotted",0.7,NA,NA,NA,NA,231,132,321,"True",7,8,16,6,0.145,0.145,0.171,NA,0.154,0.12,0.128,0.137,NA,0,0,0,0,0,0,0,0,0,0,0,0,0,0,0,0,0,0,NA,NA,NA
"185",230,15,520,7,112132,"english","polka-dotted",0.8,"striped",0.9,"green",0.75,"red",0.85,"circle",0.65,"blue",1,NA,NA,NA,NA,NA,NA,231,232,223,"True",6,8,17,23,NA,0.131,NA,NA,0.182,0.162,0.202,0.172,0.152,0,0,0,0,0,0,0,0,0,0,0,0,0,0,0,0,0,0,NA,NA,NA
"186",231,15,1191,8,212232,"english","circle",0.8,"polka-dotted",0.85,"green",0.65,"solid",0.85,"cloud",0.75,NA,NA,NA,NA,NA,NA,NA,NA,133,233,113,"True",5,25,26,19,0.192,0.205,NA,0.218,NA,0.218,NA,NA,0.167,0,0,0,0,0,0,0,0,0,0,0,0,0,0,0,0,0,0,NA,NA,NA
"187",232,15,600,9,213212,"english","striped",0.75,"cloud",0.9,"green",0.7,"solid",0.9,"red",0.75,NA,NA,NA,NA,NA,NA,NA,NA,112,122,123,"True",5,10,13,22,0.225,NA,NA,0.225,0.188,NA,NA,0.188,0.175,0,0,0,0,0,0,0,0,0,0,0,0,0,0,0,0,0,0,NA,NA,NA
"188",233,15,921,10,212121,"english","striped",0.75,"square",0.95,"blue",0.7,"polka-dotted",0.9,"red",0.7,"cloud",0.95,NA,NA,NA,NA,NA,NA,332,332,121,"False",6,18,18,4,0.192,NA,0.192,NA,0.152,0.182,0.141,0.141,NA,0,0,0,0,0,0,0,0,0,0,0,0,0,0,0,0,0,0,NA,NA,NA
"189",234,15,1692,11,121212,"english","square",0.7,"blue",0.95,"green",0.8,"striped",0.9,"polka-dotted",0.7,"circle",0.85,NA,NA,NA,NA,NA,NA,221,333,333,"False",6,5,27,27,NA,0.173,0.143,NA,0.184,0.143,0.194,NA,0.163,0,0,0,0,0,0,0,0,0,0,0,0,0,0,0,0,0,0,NA,NA,NA
"190",235,15,922,12,212121,"english","circle",0.7,"red",0.85,"polka-dotted",0.7,"striped",0.9,"blue",0.7,"square",0.95,NA,NA,NA,NA,NA,NA,222,222,331,"False",6,14,14,9,NA,0.146,0.198,NA,0.188,0.146,0.146,0.177,NA,0,0,0,0,0,0,0,0,0,0,0,0,0,0,0,0,0,0,NA,NA,NA
"191",236,15,40,13,122112,"english","cloud",0.8,"solid",0.95,"red",0.7,"square",0.9,"blue",0.75,"polka-dotted",0.85,NA,NA,NA,NA,NA,NA,332,131,111,"True",6,18,7,1,0.162,NA,0.182,0.192,NA,0.172,0.152,0.141,NA,0,0,0,0,0,0,0,0,0,0,0,0,0,0,0,0,0,0,NA,NA,NA
"192",237,15,28,14,122112,"english","polka-dotted",0.75,"solid",0.9,"red",0.75,"green",0.95,"circle",0.8,"cloud",0.95,NA,NA,NA,NA,NA,NA,113,233,232,"True",6,19,26,17,0.186,0.157,NA,0.176,NA,0.147,NA,0.147,0.186,0,0,0,0,0,0,0,0,0,0,0,0,0,0,0,0,0,0,NA,NA,NA
"193",238,15,1666,15,121212,"english","red",0.8,"circle",0.9,"square",0.7,"polka-dotted",0.9,"solid",0.8,"green",0.7,NA,NA,NA,NA,NA,NA,312,233,233,"False",6,12,26,26,NA,0.188,0.146,0.167,NA,0.188,NA,0.167,0.146,0,0,0,0,0,0,0,0,0,0,0,0,0,0,0,0,0,0,NA,NA,NA
"194",239,15,1061,16,113212,"english","square",0.75,"red",0.9,"solid",0.8,"striped",0.95,"green",0.85,"blue",0.8,NA,NA,NA,NA,NA,NA,312,321,323,"True",6,12,6,24,NA,NA,0.149,0.158,0.188,NA,0.158,0.178,0.168,0,0,0,0,0,0,0,0,0,0,0,0,0,0,0,0,0,0,NA,NA,NA
"195",240,15,1175,17,212232,"english","polka-dotted",0.85,"square",0.95,"circle",0.7,"blue",0.85,"striped",0.75,NA,NA,NA,NA,NA,NA,NA,NA,221,231,321,"True",5,5,8,6,NA,0.171,0.232,NA,0.183,0.207,0.207,NA,NA,0,0,0,0,0,0,0,0,0,0,0,0,0,0,0,0,0,0,NA,NA,NA
"196",241,16,1296,3,111111,"English","red",0.65,"cloud",0.65,"solid",0.35,"green",0.35,"blue",0.6,"circle",0.65,"striped",0.7,"square",0.35,"polka-dotted",0.85,231,313,122,"False",9,8,21,13,0.126,0.126,0.068,0.068,0.136,0.165,0.117,0.126,0.068,0,0,0,0,0,0,0,0,0,0,0,0,0,0,0,0,0,0,NA,NA,NA
"197",242,16,1678,4,121212,"English","cloud",0.75,"green",0.65,"circle",0.7,"red",0.75,"polka-dotted",0.6,"solid",0.3,NA,NA,NA,NA,NA,NA,113,232,232,"False",6,19,17,17,0.2,0.187,NA,0.08,NA,0.16,NA,0.2,0.173,0,0,0,0,0,0,0,0,0,0,0,0,0,0,0,0,0,0,NA,NA,NA
"198",243,16,1477,5,123211,"English","green",0.75,"striped",0.45,"solid",0.7,"cloud",0.75,"square",0.4,"polka-dotted",0.75,NA,NA,NA,NA,NA,NA,313,123,133,"True",6,21,22,25,0.197,NA,0.105,0.184,0.118,0.197,NA,NA,0.197,0,0,0,0,0,0,0,0,0,0,0,0,0,0,0,0,0,0,NA,NA,NA
"199",244,16,2196,6,121111,"English","green",0.65,"solid",0.7,"cloud",0.75,"red",0.3,"blue",0.75,"polka-dotted",0.7,"striped",0.35,"circle",0.85,NA,NA,131,223,212,"True",8,7,23,11,0.149,0.168,NA,0.139,0.069,0.139,0.149,0.059,0.129,0,0,0,0,0,0,0,0,0,0,0,0,0,0,0,0,0,0,NA,NA,NA
"200",245,16,1680,7,121212,"English","striped",0.3,"polka-dotted",0.6,"square",0.7,"cloud",0.7,"green",0.7,"red",0.65,NA,NA,NA,NA,NA,NA,332,123,123,"False",6,18,22,22,0.192,NA,0.192,NA,0.082,0.164,NA,0.178,0.192,0,0,0,0,0,0,0,0,0,0,0,0,0,0,0,0,0,0,NA,NA,NA
"201",246,16,503,8,112132,"English","circle",0.65,"green",0.65,"cloud",0.65,"blue",0.65,"square",0.55,"solid",0.35,NA,NA,NA,NA,NA,NA,213,313,111,"True",6,20,21,1,0.186,0.186,0.157,0.1,NA,NA,0.186,NA,0.186,0,0,0,0,0,0,0,0,0,0,0,0,0,0,0,0,0,0,NA,NA,NA
"202",247,16,407,9,321112,"English","circle",0.8,"striped",0.35,"blue",0.4,"solid",0.65,"polka-dotted",0.65,"green",0.35,NA,NA,NA,NA,NA,NA,211,233,223,"True",6,2,26,23,NA,0.25,NA,0.203,0.109,0.203,0.125,NA,0.109,0,0,0,0,0,0,0,0,0,0,0,0,0,0,0,0,0,0,NA,NA,NA
"203",248,16,1565,10,322121,"English","striped",0.65,"red",0.7,"blue",0.7,"square",0.65,"cloud",0.7,NA,NA,NA,NA,NA,NA,NA,NA,322,322,121,"True",5,15,15,4,0.206,NA,0.191,NA,0.191,NA,0.206,0.206,NA,0,0,0,0,0,0,0,0,0,0,0,0,0,0,0,0,0,0,NA,NA,NA
"204",249,16,1956,11,323232,"English","solid",0.7,"square",0.65,"blue",0.6,NA,NA,NA,NA,NA,NA,NA,NA,NA,NA,NA,NA,311,311,311,"False",3,3,3,3,NA,NA,0.333,0.359,NA,NA,0.308,NA,NA,0,0,0,0,0,0,0,0,0,0,0,0,0,0,0,0,0,0,NA,NA,NA
"205",250,16,24,12,122112,"English","square",0.65,"red",0.65,"circle",0.6,"polka-dotted",0.35,"solid",0.3,"green",0.65,NA,NA,NA,NA,NA,NA,232,312,313,"True",6,17,12,21,NA,0.187,0.203,0.094,NA,0.109,NA,0.203,0.203,0,0,0,0,0,0,0,0,0,0,0,0,0,0,0,0,0,0,NA,NA,NA
"206",251,16,1701,13,212112,"English","striped",0.6,"cloud",0.7,"solid",0.7,"green",0.65,"blue",0.6,"circle",0.3,NA,NA,NA,NA,NA,NA,213,211,121,"True",6,20,2,4,0.197,0.085,NA,0.197,0.169,NA,0.169,NA,0.183,0,0,0,0,0,0,0,0,0,0,0,0,0,0,0,0,0,0,NA,NA,NA
"207",252,16,1960,14,323232,"English","green",0.7,"striped",0.7,"circle",0.65,NA,NA,NA,NA,NA,NA,NA,NA,NA,NA,NA,NA,223,223,223,"False",3,23,23,23,NA,0.317,NA,NA,0.341,NA,NA,NA,0.341,0,0,0,0,0,0,0,0,0,0,0,0,0,0,0,0,0,0,NA,NA,NA
"208",253,16,2243,15,323211,"English","solid",0.35,"striped",0.35,"blue",0.75,"polka-dotted",0.7,"cloud",0.65,NA,NA,NA,NA,NA,NA,NA,NA,111,121,131,"True",5,1,4,7,0.232,NA,NA,0.125,0.125,0.25,0.268,NA,NA,0,0,0,0,0,0,0,0,0,0,0,0,0,0,0,0,0,0,NA,NA,NA
"209",254,16,1006,16,212212,"English","blue",0.7,"striped",0.7,"solid",0.35,"cloud",0.4,"red",0.65,"circle",0.65,NA,NA,NA,NA,NA,NA,121,112,222,"True",6,4,10,14,0.116,0.188,NA,0.101,0.203,NA,0.203,0.188,NA,0,0,0,0,0,0,0,0,0,0,0,0,0,0,0,0,0,0,NA,NA,NA
"210",255,16,2015,17,322122,"English","green",0.35,"solid",0.25,"square",0.75,"blue",0.65,"striped",0.65,NA,NA,NA,NA,NA,NA,NA,NA,323,321,313,"True",5,24,6,21,NA,NA,0.283,0.094,0.245,NA,0.245,NA,0.132,0,0,0,0,0,0,0,0,0,0,0,0,0,0,0,0,0,0,NA,NA,NA
"211",256,17,1309,3,122122,"English","red",0.75,"striped",0.25,"circle",0.25,"green",0.75,"solid",0.75,"square",0.75,NA,NA,NA,NA,NA,NA,212,223,322,"True",6,11,23,15,NA,0.071,0.214,0.214,0.071,NA,NA,0.214,0.214,0,0,0,0,0,0,0,0,0,0,0,0,0,0,0,0,0,0,NA,NA,NA
"212",257,17,936,4,212121,"English","red",0.1,"striped",0.85,"blue",0.85,"square",0.1,"circle",0.85,"polka-dotted",0.1,NA,NA,NA,NA,NA,NA,332,332,221,"False",6,18,18,5,NA,0.298,0.035,NA,0.298,0.035,0.298,0.035,NA,0,0,0,0,0,0,0,0,0,0,0,0,0,0,0,0,0,0,NA,NA,NA
"213",258,17,1279,5,111111,"English","striped",0.9,"polka-dotted",0.9,"blue",0.9,"square",0.9,"cloud",0.9,"solid",0.9,"green",0.9,"red",0.9,"circle",0.6,213,132,321,"False",9,20,16,6,0.115,0.077,0.115,0.115,0.115,0.115,0.115,0.115,0.115,0,0,0,0,0,0,0,0,0,0,0,0,0,0,0,0,0,0,NA,NA,NA
"214",259,17,1952,6,323232,"English","blue",0,"polka-dotted",0,"cloud",0,NA,NA,NA,NA,NA,NA,NA,NA,NA,NA,NA,NA,131,131,131,"False",3,7,7,7,0.333,NA,NA,NA,NA,0.333,0.333,NA,NA,0,0,0,0,0,0,0,0,0,0,0,0,0,0,0,0,0,0,NA,NA,NA
"215",260,17,1257,7,111111,"English","striped",0.95,"blue",0.95,"green",0.65,"square",0.95,"cloud",1,"red",0.65,"solid",1,"circle",1,"polka-dotted",0.9,211,332,123,"False",9,2,18,22,0.124,0.124,0.118,0.124,0.118,0.112,0.118,0.081,0.081,0,0,0,0,0,0,0,0,0,0,0,0,0,0,0,0,0,0,NA,NA,NA
"216",261,17,2382,8,113232,"English","square",1,"red",0,"cloud",0.75,"circle",1,"solid",0,NA,NA,NA,NA,NA,NA,NA,NA,312,212,112,"True",5,12,11,10,0.273,0.364,0.364,0,NA,NA,NA,0,NA,0,0,0,0,0,0,0,0,0,0,0,0,0,0,0,0,0,0,NA,NA,NA
"217",262,17,735,9,212122,"English","red",0.1,"polka-dotted",0,"blue",0.8,"cloud",0,"solid",1,"square",1,NA,NA,NA,NA,NA,NA,132,112,331,"True",6,16,10,9,0,NA,0.345,0.345,NA,0,0.276,0.034,NA,0,0,0,0,0,0,0,0,0,0,0,0,0,0,0,0,0,0,NA,NA,NA
"218",263,17,1420,10,322111,"English","square",0.9,"cloud",0.7,"polka-dotted",0,"circle",0.65,"striped",1,"red",0,NA,NA,NA,NA,NA,NA,232,332,122,"True",6,17,18,13,0.215,0.2,0.277,NA,0.308,0,NA,0,NA,0,0,0,0,0,0,0,0,0,0,0,0,0,0,0,0,0,0,NA,NA,NA
"219",264,17,1824,11,122121,"English","cloud",0.7,"blue",1,"red",0,"circle",0,"solid",1,"polka-dotted",0,NA,NA,NA,NA,NA,NA,212,232,131,"True",6,11,17,7,0.259,0,NA,0.37,NA,0,0.37,0,NA,0,0,0,0,0,0,0,0,0,0,0,0,0,0,0,0,0,0,NA,NA,NA
"220",265,17,2383,12,113232,"English","striped",0,"cloud",0.85,"square",0.95,"green",0,"circle",1,NA,NA,NA,NA,NA,NA,NA,NA,323,223,123,"True",5,24,23,22,0.304,0.357,0.339,NA,0,NA,NA,NA,0,0,0,0,0,0,0,0,0,0,0,0,0,0,0,0,0,0,0,NA,NA,NA
"221",266,17,1659,13,121212,"English","green",0.85,"polka-dotted",0.95,"solid",0,"square",1,"cloud",0,"blue",0,NA,NA,NA,NA,NA,NA,333,111,111,"False",6,27,1,1,0,NA,0.357,0,NA,0.339,0,NA,0.304,0,0,0,0,0,0,0,0,0,0,0,0,0,0,0,0,0,0,NA,NA,NA
"222",267,17,896,14,112122,"English","polka-dotted",0.85,"square",0,"red",0.8,"striped",1,"solid",1,"cloud",0.85,"blue",0,NA,NA,NA,NA,331,322,111,"True",7,9,15,1,0.189,NA,0,0.222,0.222,0.189,0,0.178,NA,0,0,0,0,0,0,0,0,0,0,0,0,0,0,0,0,0,0,NA,NA,NA
"223",268,17,1871,15,123212,"English","square",0,"solid",1,"red",1,"striped",0,"green",0,NA,NA,NA,NA,NA,NA,NA,NA,312,323,323,"True",5,12,24,24,NA,NA,0,0.5,0,NA,NA,0.5,0,0,0,0,0,0,0,0,0,0,0,0,0,0,0,0,0,0,0,NA,NA,NA
"224",269,17,2063,16,321111,"English","green",1,"polka-dotted",1,"red",0.75,"solid",1,"circle",0,"blue",0.65,"striped",1,NA,NA,NA,NA,213,221,232,"True",7,20,5,17,NA,0,NA,0.185,0.185,0.185,0.12,0.139,0.185,0,0,0,0,0,0,0,0,0,0,0,0,0,0,0,0,0,0,NA,NA,NA
"225",270,17,1144,17,321212,"English","solid",0,"polka-dotted",1,"cloud",0,"circle",1,"red",0,NA,NA,NA,NA,NA,NA,NA,NA,232,112,112,"True",5,17,10,10,0,0.5,NA,0,NA,0.5,NA,0,NA,0,0,0,0,0,0,0,0,0,0,0,0,0,0,0,0,0,0,NA,NA,NA
"226",271,18,2273,3,213232,"English","striped",0.7,"solid",0.4,"blue",0.8,"circle",0.8,NA,NA,NA,NA,NA,NA,NA,NA,NA,NA,211,211,221,"True",4,2,2,5,NA,0.296,NA,0.148,0.259,NA,0.296,NA,NA,0,0,0,0,0,0,0,0,0,0,0,0,0,0,0,0,0,0,NA,NA,NA
"227",272,18,1990,4,323232,"English","striped",0.8,"circle",0.8,"green",0.8,NA,NA,NA,NA,NA,NA,NA,NA,NA,NA,NA,NA,223,223,223,"False",3,23,23,23,NA,0.333,NA,NA,0.333,NA,NA,NA,0.333,0,0,0,0,0,0,0,0,0,0,0,0,0,0,0,0,0,0,NA,NA,NA
"228",273,18,454,5,211111,"English","solid",0.65,"red",0.45,"green",0.7,"blue",0.7,"circle",0.4,"polka-dotted",0.3,"striped",0.7,"square",0.65,NA,NA,331,313,222,"True",8,9,21,14,NA,0.088,0.143,0.143,0.154,0.066,0.154,0.099,0.154,0,0,0,0,0,0,0,0,0,0,0,0,0,0,0,0,0,0,NA,NA,NA
"229",274,18,1822,6,122121,"English","red",0.35,"striped",0.75,"solid",0.65,"cloud",0.75,"blue",0.6,"square",0.7,NA,NA,NA,NA,NA,NA,321,121,112,"True",6,6,4,10,0.197,NA,0.184,0.171,0.197,NA,0.158,0.092,NA,0,0,0,0,0,0,0,0,0,0,0,0,0,0,0,0,0,0,NA,NA,NA
"230",275,18,254,7,212222,"English","striped",0.75,"red",0.35,"square",0.75,"polka-dotted",0.4,"circle",0.7,"blue",0.8,NA,NA,NA,NA,NA,NA,231,332,221,"True",6,8,18,5,NA,0.187,0.2,NA,0.2,0.107,0.213,0.093,NA,0,0,0,0,0,0,0,0,0,0,0,0,0,0,0,0,0,0,NA,NA,NA
"231",276,18,1688,8,121212,"English","blue",0.8,"polka-dotted",0.2,"striped",0.85,"circle",0.2,"cloud",0.85,"red",0.25,NA,NA,NA,NA,NA,NA,232,121,121,"False",6,17,4,4,0.27,0.063,NA,NA,0.27,0.063,0.254,0.079,NA,0,0,0,0,0,0,0,0,0,0,0,0,0,0,0,0,0,0,NA,NA,NA
"232",277,18,2199,9,121111,"English","solid",0.3,"green",0.8,"striped",0.75,"cloud",0.6,"blue",0.25,"red",0.8,"square",0.8,"circle",0.85,NA,NA,112,323,221,"True",8,10,24,5,0.117,0.165,0.155,0.058,0.146,NA,0.049,0.155,0.155,0,0,0,0,0,0,0,0,0,0,0,0,0,0,0,0,0,0,NA,NA,NA
"233",278,18,158,10,323212,"English","green",0.7,"solid",0.65,"square",0.75,"circle",0.8,NA,NA,NA,NA,NA,NA,NA,NA,NA,NA,213,313,313,"True",4,20,21,21,NA,0.276,0.259,0.224,NA,NA,NA,NA,0.241,0,0,0,0,0,0,0,0,0,0,0,0,0,0,0,0,0,0,NA,NA,NA
"234",279,18,2167,11,121111,"English","striped",0.35,"square",0.75,"cloud",0.4,"solid",0.8,"circle",0.8,"blue",0.65,"red",0.25,"polka-dotted",0.65,NA,NA,332,121,211,"True",8,18,4,2,0.086,0.172,0.161,0.172,0.075,0.14,0.14,0.054,NA,0,0,0,0,0,0,0,0,0,0,0,0,0,0,0,0,0,0,NA,NA,NA
"235",280,18,495,12,211111,"English","striped",0.4,"red",0.8,"circle",0.65,"blue",0.75,"square",0.8,"polka-dotted",0.35,"cloud",0.65,"green",0.65,NA,NA,221,122,333,"True",8,5,13,27,0.129,0.129,0.158,NA,0.079,0.069,0.149,0.158,0.129,0,0,0,0,0,0,0,0,0,0,0,0,0,0,0,0,0,0,NA,NA,NA
"236",281,18,1226,13,112112,"English","solid",0.75,"green",0.7,"cloud",0.4,"polka-dotted",0.7,"blue",0.45,"circle",0.5,"red",0.75,NA,NA,NA,NA,211,232,133,"True",7,2,17,25,0.094,0.118,NA,0.176,NA,0.165,0.106,0.176,0.165,0,0,0,0,0,0,0,0,0,0,0,0,0,0,0,0,0,0,NA,NA,NA
"237",282,18,932,14,212121,"English","square",0.75,"polka-dotted",0.35,"solid",0.7,"circle",0.35,"blue",0.35,"green",0.7,NA,NA,NA,NA,NA,NA,311,311,233,"False",6,3,3,26,NA,0.109,0.234,0.219,NA,0.109,0.109,NA,0.219,0,0,0,0,0,0,0,0,0,0,0,0,0,0,0,0,0,0,NA,NA,NA
"238",283,18,939,15,212121,"English","cloud",0.7,"blue",0.7,"striped",0.35,"polka-dotted",0.3,"red",0.6,"square",0.4,NA,NA,NA,NA,NA,NA,331,331,122,"False",6,9,9,13,0.23,NA,0.131,NA,0.115,0.098,0.23,0.197,NA,0,0,0,0,0,0,0,0,0,0,0,0,0,0,0,0,0,0,NA,NA,NA
"239",284,18,911,16,212121,"English","blue",0.75,"cloud",0.75,"polka-dotted",0.4,"solid",0.6,"circle",0.3,"green",0.3,NA,NA,NA,NA,NA,NA,213,213,131,"False",6,20,20,7,0.242,0.097,NA,0.194,NA,0.129,0.242,NA,0.097,0,0,0,0,0,0,0,0,0,0,0,0,0,0,0,0,0,0,NA,NA,NA
"240",285,18,1623,17,211112,"English","striped",0.75,"square",0.35,"red",0.7,"solid",0.15,"blue",0.8,"green",0.65,"circle",0.6,NA,NA,NA,NA,212,313,321,"True",7,11,21,6,NA,0.15,0.088,0.038,0.188,NA,0.2,0.175,0.162,0,0,0,0,0,0,0,0,0,0,0,0,0,0,0,0,0,0,NA,NA,NA
"241",286,19,786,3,211212,"English","green",0.65,"circle",0,"striped",0.85,"cloud",0.3,"solid",0,"red",0.4,NA,NA,NA,NA,NA,NA,112,123,223,"True",6,10,22,23,0.136,0,NA,0,0.386,NA,NA,0.182,0.295,0,0,0,0,0,0,0,0,0,0,0,0,0,0,0,0,0,0,NA,NA,NA
"242",287,19,1061,4,113212,"English","green",0.5,"blue",0,"red",0.6,"solid",0.3,"striped",0.8,"square",1,NA,NA,NA,NA,NA,NA,312,321,323,"True",6,12,6,24,NA,NA,0.312,0.094,0.25,NA,0,0.187,0.156,0,0,0,0,0,0,0,0,0,0,0,0,0,0,0,0,0,0,NA,NA,NA
"243",288,19,1964,5,323232,"English","red",1,"cloud",1,"striped",1,NA,NA,NA,NA,NA,NA,NA,NA,NA,NA,NA,NA,122,122,122,"False",3,13,13,13,0.333,NA,NA,NA,0.333,NA,NA,0.333,NA,0,0,0,0,0,0,0,0,0,0,0,0,0,0,0,0,0,0,NA,NA,NA
"244",289,19,1674,6,121212,"English","striped",0.35,"circle",0.5,"red",0.1,"solid",0,"blue",0.75,"cloud",0.15,NA,NA,NA,NA,NA,NA,122,211,211,"False",6,13,2,2,0.081,0.27,NA,0,0.189,NA,0.405,0.054,NA,0,0,0,0,0,0,0,0,0,0,0,0,0,0,0,0,0,0,NA,NA,NA
"245",290,19,967,7,121112,"English","circle",0.5,"solid",0,"green",0.6,"polka-dotted",0.2,"red",0.15,"striped",0.2,"square",0.05,NA,NA,NA,NA,322,233,213,"True",7,15,26,20,NA,0.294,0.029,0,0.118,0.118,NA,0.088,0.353,0,0,0,0,0,0,0,0,0,0,0,0,0,0,0,0,0,0,NA,NA,NA
"246",291,19,1124,8,321212,"English","green",0.2,"square",0.1,"blue",0.55,"polka-dotted",1,"circle",0.55,NA,NA,NA,NA,NA,NA,NA,NA,333,231,231,"True",5,27,8,8,NA,0.229,0.042,NA,NA,0.417,0.229,NA,0.083,0,0,0,0,0,0,0,0,0,0,0,0,0,0,0,0,0,0,NA,NA,NA
"247",292,19,981,9,121112,"English","square",0.1,"cloud",0.1,"polka-dotted",0.35,"blue",0.7,"solid",0.45,"green",0.05,"circle",0.15,NA,NA,NA,NA,333,111,211,"True",7,27,1,2,0.053,0.079,0.053,0.237,NA,0.184,0.368,NA,0.026,0,0,0,0,0,0,0,0,0,0,0,0,0,0,0,0,0,0,NA,NA,NA
"248",293,19,1976,10,323232,"English","blue",1,"square",1,"polka-dotted",1,NA,NA,NA,NA,NA,NA,NA,NA,NA,NA,NA,NA,331,331,331,"False",3,9,9,9,NA,NA,0.333,NA,NA,0.333,0.333,NA,NA,0,0,0,0,0,0,0,0,0,0,0,0,0,0,0,0,0,0,NA,NA,NA
"249",294,19,985,11,121112,"English","polka-dotted",0.15,"circle",0,"red",0.55,"striped",0.8,"cloud",0.05,"green",0.05,"square",0,NA,NA,NA,NA,333,222,122,"True",7,27,14,13,0.031,0,0,NA,0.5,0.094,NA,0.344,0.031,0,0,0,0,0,0,0,0,0,0,0,0,0,0,0,0,0,0,NA,NA,NA
"250",295,19,2381,12,113232,"English","cloud",0.1,"square",0.1,"polka-dotted",1,"green",1,"circle",0.1,NA,NA,NA,NA,NA,NA,NA,NA,333,233,133,"True",5,27,26,25,0.043,0.043,0.043,NA,NA,0.435,NA,NA,0.435,0,0,0,0,0,0,0,0,0,0,0,0,0,0,0,0,0,0,NA,NA,NA
"251",296,19,930,13,212121,"English","blue",0.85,"cloud",0.15,"solid",0,"square",0.75,"polka-dotted",0.8,"red",0.15,NA,NA,NA,NA,NA,NA,331,331,112,"False",6,9,9,10,0.056,NA,0.278,0,NA,0.296,0.315,0.056,NA,0,0,0,0,0,0,0,0,0,0,0,0,0,0,0,0,0,0,NA,NA,NA
"252",297,19,485,14,211111,"English","cloud",0.1,"green",0.1,"polka-dotted",0.5,"square",0.1,"circle",0.05,"red",0.1,"blue",0.1,"solid",0,NA,NA,233,332,111,"True",8,26,18,1,0.095,0.048,0.095,0,NA,0.476,0.095,0.095,0.095,0,0,0,0,0,0,0,0,0,0,0,0,0,0,0,0,0,0,NA,NA,NA
"253",298,19,1298,15,111111,"English","polka-dotted",0.15,"red",0.15,"striped",0.15,"solid",0.15,"cloud",0.15,"green",0.15,"blue",0.15,"square",0.15,"circle",0.15,133,311,222,"False",9,25,3,14,0.111,0.111,0.111,0.111,0.111,0.111,0.111,0.111,0.111,0,0,0,0,0,0,0,0,0,0,0,0,0,0,0,0,0,0,NA,NA,NA
"254",299,19,372,16,122132,"English","circle",0.5,"solid",0.45,"striped",0.2,"cloud",0.2,"red",1,NA,NA,NA,NA,NA,NA,NA,NA,112,212,222,"True",5,10,11,14,0.085,0.213,NA,0.191,0.085,NA,NA,0.426,NA,0,0,0,0,0,0,0,0,0,0,0,0,0,0,0,0,0,0,NA,NA,NA
"255",300,19,2322,17,123232,"English","polka-dotted",0.15,"green",1,"circle",0.65,"striped",0.75,NA,NA,NA,NA,NA,NA,NA,NA,NA,NA,233,223,223,"True",4,26,23,23,NA,0.255,NA,NA,0.294,0.059,NA,NA,0.392,0,0,0,0,0,0,0,0,0,0,0,0,0,0,0,0,0,0,NA,NA,NA
"256",301,20,1392,3,113211,"English","solid",0.7,"red",0.9,"cloud",0.2,"circle",0.2,"polka-dotted",0.65,"striped",0.15,"square",0.75,NA,NA,NA,NA,132,222,312,"True",7,16,14,12,0.056,0.056,0.211,0.197,0.042,0.183,NA,0.254,NA,0,0,0,0,0,0,0,0,0,0,0,0,0,0,0,0,0,0,NA,NA,NA
"257",302,20,837,4,112111,"English","circle",0.75,"blue",0.15,"solid",0.15,"green",0.3,"red",0.75,"cloud",0.7,"striped",0.9,"square",0.6,NA,NA,223,322,111,"True",8,23,15,1,0.163,0.174,0.14,0.035,0.209,NA,0.035,0.174,0.07,0,0,0,0,0,0,0,0,0,0,0,0,0,0,0,0,0,0,NA,NA,NA
"258",303,20,1513,5,322112,"English","cloud",0.2,"circle",0.6,"green",0.8,"polka-dotted",0.6,"solid",0.3,NA,NA,NA,NA,NA,NA,NA,NA,133,233,213,"True",5,25,26,20,0.08,0.24,NA,0.12,NA,0.24,NA,NA,0.32,0,0,0,0,0,0,0,0,0,0,0,0,0,0,0,0,0,0,NA,NA,NA
"259",304,20,858,6,112122,"English","green",0.6,"red",0.8,"solid",0.55,"polka-dotted",0.65,"cloud",0.3,"circle",0.7,"striped",1,NA,NA,NA,NA,112,123,232,"True",7,10,22,17,0.065,0.152,NA,0.12,0.217,0.141,NA,0.174,0.13,0,0,0,0,0,0,0,0,0,0,0,0,0,0,0,0,0,0,NA,NA,NA
"260",305,20,1370,7,113211,"English","circle",0.6,"cloud",0.65,"red",0.75,"polka-dotted",0.3,"solid",0.7,"striped",0.3,"square",0.45,NA,NA,NA,NA,312,132,222,"True",7,12,16,14,0.173,0.16,0.12,0.187,0.08,0.08,NA,0.2,NA,0,0,0,0,0,0,0,0,0,0,0,0,0,0,0,0,0,0,NA,NA,NA
"261",306,20,233,8,212132,"English","cloud",0.75,"solid",0.3,"striped",0.7,"blue",1,"circle",0.6,NA,NA,NA,NA,NA,NA,NA,NA,221,221,111,"True",5,5,5,1,0.224,0.179,NA,0.09,0.209,NA,0.299,NA,NA,0,0,0,0,0,0,0,0,0,0,0,0,0,0,0,0,0,0,NA,NA,NA
"262",307,20,2000,9,323232,"English","circle",0.8,"striped",0.6,"blue",0.95,NA,NA,NA,NA,NA,NA,NA,NA,NA,NA,NA,NA,221,221,221,"False",3,5,5,5,NA,0.34,NA,NA,0.255,NA,0.404,NA,NA,0,0,0,0,0,0,0,0,0,0,0,0,0,0,0,0,0,0,NA,NA,NA
"263",308,20,928,10,212121,"English","blue",0.3,"green",0.55,"striped",0.65,"solid",0.6,"circle",0.35,"square",0.8,NA,NA,NA,NA,NA,NA,323,323,211,"False",6,24,24,2,NA,0.108,0.246,0.185,0.2,NA,0.092,NA,0.169,0,0,0,0,0,0,0,0,0,0,0,0,0,0,0,0,0,0,NA,NA,NA
"264",309,20,2248,11,323211,"English","solid",0.75,"striped",0.55,"red",0.8,"cloud",0.4,"polka-dotted",0.7,NA,NA,NA,NA,NA,NA,NA,NA,132,122,112,"True",5,16,13,10,0.125,NA,NA,0.234,0.172,0.219,NA,0.25,NA,0,0,0,0,0,0,0,0,0,0,0,0,0,0,0,0,0,0,NA,NA,NA
"265",310,20,1802,12,122121,"English","cloud",0.3,"solid",0.45,"red",0.3,"circle",0.75,"green",0.6,"striped",0.75,NA,NA,NA,NA,NA,NA,123,223,212,"True",6,22,23,11,0.095,0.238,NA,0.143,0.238,NA,NA,0.095,0.19,0,0,0,0,0,0,0,0,0,0,0,0,0,0,0,0,0,0,NA,NA,NA
"266",311,20,1301,13,122122,"English","blue",0.05,"circle",0.35,"cloud",0.6,"striped",0.7,"green",0.25,"solid",0.7,NA,NA,NA,NA,NA,NA,221,213,123,"True",6,5,20,22,0.226,0.132,NA,0.264,0.264,NA,0.019,NA,0.094,0,0,0,0,0,0,0,0,0,0,0,0,0,0,0,0,0,0,NA,NA,NA
"267",312,20,2230,14,323211,"English","red",0.6,"green",0.6,"square",0.8,"striped",0.8,"blue",0.3,NA,NA,NA,NA,NA,NA,NA,NA,322,323,321,"True",5,15,24,6,NA,NA,0.258,NA,0.258,NA,0.097,0.194,0.194,0,0,0,0,0,0,0,0,0,0,0,0,0,0,0,0,0,0,NA,NA,NA
"268",313,20,950,15,212121,"English","red",0.6,"striped",0.6,"cloud",0.3,"square",0.2,"green",0.75,"solid",0.7,NA,NA,NA,NA,NA,NA,123,123,312,"False",6,22,22,12,0.095,NA,0.063,0.222,0.19,NA,NA,0.19,0.238,0,0,0,0,0,0,0,0,0,0,0,0,0,0,0,0,0,0,NA,NA,NA
"269",314,20,1283,16,111111,"English","red",0.45,"blue",0.55,"solid",0.65,"striped",0.65,"polka-dotted",0.8,"circle",0.65,"cloud",0.1,"square",0.65,"green",1,131,322,213,"False",9,7,15,20,0.018,0.118,0.118,0.118,0.118,0.145,0.1,0.082,0.182,0,0,0,0,0,0,0,0,0,0,0,0,0,0,0,0,0,0,NA,NA,NA
"270",315,20,1992,17,323232,"English","polka-dotted",0.6,"circle",0.55,"blue",0.9,NA,NA,NA,NA,NA,NA,NA,NA,NA,NA,NA,NA,231,231,231,"False",3,8,8,8,NA,0.268,NA,NA,NA,0.293,0.439,NA,NA,0,0,0,0,0,0,0,0,0,0,0,0,0,0,0,0,0,0,NA,NA,NA
"271",316,21,1291,3,111111,"English","polka-dotted",0.65,"green",0.8,"blue",0.75,"red",0.8,"circle",0.75,"cloud",0.7,"striped",0.75,"square",0.85,"solid",0.15,231,322,113,"False",9,8,15,19,0.113,0.121,0.137,0.024,0.121,0.105,0.121,0.129,0.129,0,0,0,0,0,0,0,0,0,0,0,0,0,0,0,0,0,0,NA,NA,NA
"272",317,21,2235,4,323211,"English","square",0.8,"circle",0.85,"green",0,"cloud",1,"polka-dotted",0.05,NA,NA,NA,NA,NA,NA,NA,NA,333,233,133,"True",5,27,26,25,0.37,0.315,0.296,NA,NA,0.019,NA,NA,0,0,0,0,0,0,0,0,0,0,0,0,0,0,0,0,0,0,0,NA,NA,NA
"273",318,21,920,5,212121,"English","blue",0.9,"circle",0.1,"green",0,"solid",0,"polka-dotted",0.95,"cloud",1,NA,NA,NA,NA,NA,NA,213,213,131,"False",6,20,20,7,0.339,0.034,NA,0,NA,0.322,0.305,NA,0,0,0,0,0,0,0,0,0,0,0,0,0,0,0,0,0,0,0,NA,NA,NA
"274",319,21,309,6,213211,"English","polka-dotted",1,"solid",0,"red",0,"cloud",0,"striped",1,"green",1,NA,NA,NA,NA,NA,NA,122,132,113,"True",6,13,16,19,0,NA,NA,0,0.333,0.333,NA,0,0.333,0,0,0,0,0,0,0,0,0,0,0,0,0,0,0,0,0,0,NA,NA,NA
"275",320,21,1056,7,113212,"English","circle",1,"cloud",1,"solid",0,"striped",0,"square",1,"green",0,NA,NA,NA,NA,NA,NA,113,223,323,"True",6,19,23,24,0.333,0.333,0.333,0,0,NA,NA,NA,0,0,0,0,0,0,0,0,0,0,0,0,0,0,0,0,0,0,0,NA,NA,NA
"276",321,21,1270,8,111111,"English","cloud",1,"green",1,"red",1,"blue",1,"polka-dotted",0.9,"solid",0,"square",1,"circle",1,"striped",0.95,332,111,223,"False",9,18,1,23,0.127,0.127,0.127,0,0.121,0.115,0.127,0.127,0.127,0,0,0,0,0,0,0,0,0,0,0,0,0,0,0,0,0,0,NA,NA,NA
"277",322,21,2063,9,321111,"English","striped",1,"green",1,"circle",1,"solid",0,"red",1,"blue",1,"polka-dotted",1,NA,NA,NA,NA,213,221,232,"True",7,20,5,17,NA,0.167,NA,0,0.167,0.167,0.167,0.167,0.167,0,0,0,0,0,0,0,0,0,0,0,0,0,0,0,0,0,0,NA,NA,NA
"278",323,21,1453,10,123211,"English","square",1,"solid",1,"circle",0,"blue",0,"polka-dotted",1,"striped",1,NA,NA,NA,NA,NA,NA,331,211,221,"True",6,9,2,5,NA,0,0.25,0.25,0.25,0.25,0,NA,NA,0,0,0,0,0,0,0,0,0,0,0,0,0,0,0,0,0,0,NA,NA,NA
"279",324,21,1002,11,212212,"English","green",1,"square",0.05,"polka-dotted",0,"cloud",0.95,"striped",1,"red",0,NA,NA,NA,NA,NA,NA,322,333,132,"True",6,15,27,16,0.317,NA,0.017,NA,0.333,0,NA,0,0.333,0,0,0,0,0,0,0,0,0,0,0,0,0,0,0,0,0,0,NA,NA,NA
"280",325,21,2193,12,121111,"English","square",1,"polka-dotted",1,"green",1,"cloud",1,"striped",1,"solid",1,"circle",1,"red",0,NA,NA,223,312,132,"True",8,23,12,16,0.143,0.143,0.143,0.143,0.143,0.143,NA,0,0.143,0,0,0,0,0,0,0,0,0,0,0,0,0,0,0,0,0,0,NA,NA,NA
"281",326,21,1679,13,121212,"English","solid",1,"polka-dotted",0,"red",1,"square",1,"green",0,"circle",0,NA,NA,NA,NA,NA,NA,312,233,233,"False",6,12,26,26,NA,0,0.333,0.333,NA,0,NA,0.333,0,0,0,0,0,0,0,0,0,0,0,0,0,0,0,0,0,0,0,NA,NA,NA
"282",327,21,1858,14,123212,"English","green",1,"square",1,"striped",0,"cloud",0,"blue",0,NA,NA,NA,NA,NA,NA,NA,NA,323,121,121,"True",5,24,4,4,0,NA,0.5,NA,0,NA,0,NA,0.5,0,0,0,0,0,0,0,0,0,0,0,0,0,0,0,0,0,0,NA,NA,NA
"283",328,21,668,15,212211,"English","striped",1,"solid",1,"polka-dotted",1,"blue",0,"square",0,"cloud",1,"green",0.95,NA,NA,NA,NA,311,131,323,"True",7,3,7,24,0.202,NA,0,0.202,0.202,0.202,0,NA,0.192,0,0,0,0,0,0,0,0,0,0,0,0,0,0,0,0,0,0,NA,NA,NA
"284",329,21,404,16,321112,"English","circle",1,"red",1,"square",0.9,"striped",0,"cloud",1,"blue",0,NA,NA,NA,NA,NA,NA,322,221,121,"True",6,15,5,4,0.256,0.256,0.231,NA,0,NA,0,0.256,NA,0,0,0,0,0,0,0,0,0,0,0,0,0,0,0,0,0,0,NA,NA,NA
"285",330,21,1953,17,323232,"English","striped",0,"square",0,"green",0,NA,NA,NA,NA,NA,NA,NA,NA,NA,NA,NA,NA,323,323,323,"False",3,24,24,24,NA,NA,0.333,NA,0.333,NA,NA,NA,0.333,0,0,0,0,0,0,0,0,0,0,0,0,0,0,0,0,0,0,NA,NA,NA
"286",346,23,912,3,212121,"English","cloud",1,"blue",1,"polka-dotted",1,"square",0.95,"green",0.8,"striped",0.95,NA,NA,NA,NA,NA,NA,121,121,333,"False",6,4,4,27,0.175,NA,0.167,NA,0.167,0.175,0.175,NA,0.14,0,0,0,0,0,0,0,0,0,0,0,0,0,0,0,0,0,0,NA,NA,NA
"287",347,23,823,4,112111,"English","cloud",1,"green",0.9,"blue",0.95,"striped",1,"solid",0.95,"square",1,"polka-dotted",1,"circle",1,NA,NA,311,221,133,"True",8,3,5,25,0.128,0.128,0.128,0.122,0.128,0.128,0.122,NA,0.115,0,0,0,0,0,0,0,0,0,0,0,0,0,0,0,0,0,0,NA,NA,NA
"288",348,23,2015,5,322122,"English","solid",1,"green",1,"blue",1,"square",1,"striped",1,NA,NA,NA,NA,NA,NA,NA,NA,323,321,313,"True",5,24,6,21,NA,NA,0.2,0.2,0.2,NA,0.2,NA,0.2,0,0,0,0,0,0,0,0,0,0,0,0,0,0,0,0,0,0,NA,NA,NA
"289",349,23,1204,6,112112,"English","cloud",1,"blue",1,"red",1,"solid",1,"circle",1,"polka-dotted",1,"striped",1,NA,NA,NA,NA,112,121,231,"True",7,10,4,8,0.143,0.143,NA,0.143,0.143,0.143,0.143,0.143,NA,0,0,0,0,0,0,0,0,0,0,0,0,0,0,0,0,0,0,NA,NA,NA
"290",350,23,906,7,212121,"English","solid",1,"blue",1,"striped",1,"circle",1,"square",1,"red",1,NA,NA,NA,NA,NA,NA,312,312,221,"False",6,12,12,5,NA,0.167,0.167,0.167,0.167,NA,0.167,0.167,NA,0,0,0,0,0,0,0,0,0,0,0,0,0,0,0,0,0,0,NA,NA,NA
"291",351,23,1952,8,323232,"English","blue",0.9,"polka-dotted",1,"cloud",1,NA,NA,NA,NA,NA,NA,NA,NA,NA,NA,NA,NA,131,131,131,"False",3,7,7,7,0.345,NA,NA,NA,NA,0.345,0.31,NA,NA,0,0,0,0,0,0,0,0,0,0,0,0,0,0,0,0,0,0,NA,NA,NA
"292",352,23,1059,9,113212,"English","cloud",0.95,"circle",0.95,"red",0.85,"solid",0.85,"striped",1,"square",0.8,NA,NA,NA,NA,NA,NA,212,322,122,"True",6,11,15,13,0.176,0.176,0.148,0.157,0.185,NA,NA,0.157,NA,0,0,0,0,0,0,0,0,0,0,0,0,0,0,0,0,0,0,NA,NA,NA
"293",353,23,682,10,212211,"English","blue",1,"solid",0.85,"green",0.9,"cloud",1,"striped",1,"polka-dotted",1,"circle",1,NA,NA,NA,NA,223,133,211,"True",7,23,25,2,0.148,0.148,NA,0.126,0.148,0.148,0.148,NA,0.133,0,0,0,0,0,0,0,0,0,0,0,0,0,0,0,0,0,0,NA,NA,NA
"294",354,23,1934,11,111212,"English","polka-dotted",1,"solid",1,"blue",1,"red",0.95,"cloud",1,"striped",1,"circle",1,NA,NA,NA,NA,221,112,132,"True",7,5,10,16,0.144,0.144,NA,0.144,0.144,0.144,0.144,0.137,NA,0,0,0,0,0,0,0,0,0,0,0,0,0,0,0,0,0,0,NA,NA,NA
"295",355,23,1994,12,323232,"English","circle",1,"striped",1,"red",1,NA,NA,NA,NA,NA,NA,NA,NA,NA,NA,NA,NA,222,222,222,"False",3,14,14,14,NA,0.333,NA,NA,0.333,NA,NA,0.333,NA,0,0,0,0,0,0,0,0,0,0,0,0,0,0,0,0,0,0,NA,NA,NA
"296",356,23,453,13,211111,"English","circle",1,"square",1,"blue",1,"red",1,"solid",1,"cloud",1,"striped",1,"polka-dotted",1,NA,NA,112,332,221,"True",8,10,18,5,0.125,0.125,0.125,0.125,0.125,0.125,0.125,0.125,NA,0,0,0,0,0,0,0,0,0,0,0,0,0,0,0,0,0,0,NA,NA,NA
"297",357,23,648,14,112121,"English","square",0.7,"polka-dotted",0.7,"red",0.7,"solid",0.85,"cloud",0.95,"green",0.55,"blue",0.9,NA,NA,NA,NA,333,332,111,"True",7,27,18,1,0.178,NA,0.131,0.159,NA,0.131,0.168,0.131,0.103,0,0,0,0,0,0,0,0,0,0,0,0,0,0,0,0,0,0,NA,NA,NA
"298",358,23,1991,15,323232,"English","red",0.9,"circle",1,"polka-dotted",0.95,NA,NA,NA,NA,NA,NA,NA,NA,NA,NA,NA,NA,232,232,232,"False",3,17,17,17,NA,0.351,NA,NA,NA,0.333,NA,0.316,NA,0,0,0,0,0,0,0,0,0,0,0,0,0,0,0,0,0,0,NA,NA,NA
"299",359,23,1512,16,322112,"English","polka-dotted",1,"red",1,"green",1,"striped",1,"cloud",1,NA,NA,NA,NA,NA,NA,NA,NA,122,123,133,"True",5,13,22,25,0.2,NA,NA,NA,0.2,0.2,NA,0.2,0.2,0,0,0,0,0,0,0,0,0,0,0,0,0,0,0,0,0,0,NA,NA,NA
"300",360,23,2252,17,213232,"English","circle",1,"striped",1,"green",1,"red",1,NA,NA,NA,NA,NA,NA,NA,NA,NA,NA,223,223,222,"True",4,23,23,14,NA,0.25,NA,NA,0.25,NA,NA,0.25,0.25,0,0,0,0,0,0,0,0,0,0,0,0,0,0,0,0,0,0,NA,NA,NA
"301",361,24,1415,3,322111,"English","square",1,"solid",1,"polka-dotted",0,"red",1,"circle",0,"cloud",0,NA,NA,NA,NA,NA,NA,112,312,232,"True",6,10,12,17,0,0,0.333,0.333,NA,0,NA,0.333,NA,0,0,0,0,0,0,0,0,0,0,0,0,0,0,0,0,0,0,NA,NA,NA
"302",362,24,1448,4,322111,"English","green",0,"cloud",0,"striped",1,"blue",1,"solid",1,"polka-dotted",1,NA,NA,NA,NA,NA,NA,123,113,131,"True",6,22,19,7,0,NA,NA,0.25,0.25,0.25,0.25,NA,0,0,0,0,0,0,0,0,0,0,0,0,0,0,0,0,0,0,0,NA,NA,NA
"303",363,24,1968,5,323232,"English","green",1,"striped",1,"square",0,NA,NA,NA,NA,NA,NA,NA,NA,NA,NA,NA,NA,323,323,323,"False",3,24,24,24,NA,NA,0,NA,0.5,NA,NA,NA,0.5,0,0,0,0,0,0,0,0,0,0,0,0,0,0,0,0,0,0,NA,NA,NA
"304",364,24,2253,6,213232,"English","polka-dotted",0,"square",1,"circle",1,"green",0,NA,NA,NA,NA,NA,NA,NA,NA,NA,NA,233,233,333,"True",4,26,26,27,NA,0.5,0.5,NA,NA,0,NA,NA,0,0,0,0,0,0,0,0,0,0,0,0,0,0,0,0,0,0,0,NA,NA,NA
"305",365,24,1253,7,111111,"English","red",1,"green",1,"square",0,"cloud",0,"blue",1,"polka-dotted",0,"striped",0,"circle",0,"solid",0,322,211,133,"False",9,15,2,25,0,0,0,0,0,0,0.333,0.333,0.333,0,0,0,0,0,0,0,0,0,0,0,0,0,0,0,0,0,0,NA,NA,NA
"306",366,24,1919,8,111212,"English","blue",1,"circle",0,"red",1,"solid",0,"cloud",0,"green",1,"polka-dotted",0,NA,NA,NA,NA,113,231,232,"True",7,19,8,17,0,0,NA,0,NA,0,0.333,0.333,0.333,0,0,0,0,0,0,0,0,0,0,0,0,0,0,0,0,0,0,NA,NA,NA
"307",367,24,1157,9,212232,"English","cloud",0,"striped",1,"red",0,"blue",1,"solid",0,NA,NA,NA,NA,NA,NA,NA,NA,112,122,111,"True",5,10,13,1,0,NA,NA,0,0.5,NA,0.5,0,NA,0,0,0,0,0,0,0,0,0,0,0,0,0,0,0,0,0,0,NA,NA,NA
"308",368,24,355,10,122132,"English","cloud",0,"square",1,"striped",0,"blue",1,"green",0,NA,NA,NA,NA,NA,NA,NA,NA,121,123,323,"True",5,4,22,24,0,NA,0.5,NA,0,NA,0.5,NA,0,0,0,0,0,0,0,0,0,0,0,0,0,0,0,0,0,0,0,NA,NA,NA
"309",369,24,1461,11,123211,"English","polka-dotted",1,"circle",1,"solid",0,"square",0,"cloud",1,"green",0,NA,NA,NA,NA,NA,NA,333,213,113,"True",6,27,20,19,0.333,0.333,0,0,NA,0.333,NA,NA,0,0,0,0,0,0,0,0,0,0,0,0,0,0,0,0,0,0,0,NA,NA,NA
"310",370,24,645,12,112121,"English","cloud",1,"blue",0,"polka-dotted",0,"circle",1,"square",1,"solid",0,"red",0,NA,NA,NA,NA,232,332,111,"True",7,17,18,1,0.333,0.333,0.333,0,NA,0,0,0,NA,0,0,0,0,0,0,0,0,0,0,0,0,0,0,0,0,0,0,NA,NA,NA
"311",371,24,733,13,212122,"English","red",1,"circle",0,"blue",0,"cloud",0,"polka-dotted",0,"striped",1,NA,NA,NA,NA,NA,NA,131,132,221,"True",6,7,16,5,0,0,NA,NA,0.5,0,0,0.5,NA,0,0,0,0,0,0,0,0,0,0,0,0,0,0,0,0,0,0,NA,NA,NA
"312",372,24,932,14,212121,"English","square",0,"polka-dotted",0,"solid",0,"blue",0,"green",1,"circle",0,NA,NA,NA,NA,NA,NA,311,311,233,"False",6,3,3,26,NA,0,0,0,NA,0,0,NA,1,0,0,0,0,0,0,0,0,0,0,0,0,0,0,0,0,0,0,NA,NA,NA
"313",373,24,1685,15,121212,"English","cloud",0,"green",0,"striped",0,"polka-dotted",0,"blue",1,"square",0,NA,NA,NA,NA,NA,NA,331,123,123,"False",6,9,22,22,0,NA,0,NA,0,0,1,NA,0,0,0,0,0,0,0,0,0,0,0,0,0,0,0,0,0,0,0,NA,NA,NA
"314",374,24,1967,16,323232,"English","cloud",1,"green",0,"solid",0,NA,NA,NA,NA,NA,NA,NA,NA,NA,NA,NA,NA,113,113,113,"False",3,19,19,19,1,NA,NA,0,NA,NA,NA,NA,0,0,0,0,0,0,0,0,0,0,0,0,0,0,0,0,0,0,0,NA,NA,NA
"315",375,24,718,17,212122,"English","cloud",0,"red",1,"blue",0,"striped",0,"polka-dotted",1,"circle",0,NA,NA,NA,NA,NA,NA,221,231,122,"True",6,5,8,13,0,0,NA,NA,0,0.5,0,0.5,NA,0,0,0,0,0,0,0,0,0,0,0,0,0,0,0,0,0,0,NA,NA,NA
"316",376,25,1967,3,323232,"English","solid",1,"green",1,"cloud",1,NA,NA,NA,NA,NA,NA,NA,NA,NA,NA,NA,NA,113,113,113,"False",3,19,19,19,0.333,NA,NA,0.333,NA,NA,NA,NA,0.333,0,0,0,0,0,0,0,0,0,0,0,0,0,0,0,0,0,0,NA,NA,NA
"317",377,25,811,4,112111,"English","blue",0,"striped",1,"square",0,"cloud",0,"red",0,"circle",1,"green",0,"polka-dotted",1,NA,NA,221,123,332,"True",8,5,22,18,0,0.333,0,NA,0.333,0.333,0,0,0,0,0,0,0,0,0,0,0,0,0,0,0,0,0,0,0,0,0,NA,NA,NA
"318",378,25,2274,5,213232,"English","solid",1,"polka-dotted",1,"blue",0,"cloud",0,NA,NA,NA,NA,NA,NA,NA,NA,NA,NA,111,111,131,"True",4,1,1,7,0,NA,NA,0.5,NA,0.5,0,NA,NA,0,0,0,0,0,0,0,0,0,0,0,0,0,0,0,0,0,0,NA,NA,NA
"319",379,25,1713,6,212112,"English","polka-dotted",1,"blue",0,"green",0,"square",0,"striped",0,"cloud",1,NA,NA,NA,NA,NA,NA,333,323,121,"True",6,27,24,4,0.5,NA,0,NA,0,0.5,0,NA,0,0,0,0,0,0,0,0,0,0,0,0,0,0,0,0,0,0,0,NA,NA,NA
"320",380,25,908,7,212121,"English","green",0,"polka-dotted",0,"red",0,"square",0,"solid",1,"circle",1,NA,NA,NA,NA,NA,NA,233,233,312,"False",6,26,26,12,NA,0.5,0,0.5,NA,0,NA,0,0,0,0,0,0,0,0,0,0,0,0,0,0,0,0,0,0,0,0,NA,NA,NA
"321",381,25,365,8,122132,"English","solid",1,"square",0,"polka-dotted",0,"green",0,"circle",1,NA,NA,NA,NA,NA,NA,NA,NA,313,333,233,"True",5,21,27,26,NA,0.5,0,0.5,NA,0,NA,NA,0,0,0,0,0,0,0,0,0,0,0,0,0,0,0,0,0,0,0,NA,NA,NA
"322",382,25,2157,9,121111,"English","circle",1,"striped",0,"square",1,"green",0,"polka-dotted",1,"blue",0,"cloud",0,"solid",1,NA,NA,331,113,223,"True",8,9,19,23,0,0.25,0.25,0.25,0,0.25,0,NA,0,0,0,0,0,0,0,0,0,0,0,0,0,0,0,0,0,0,0,NA,NA,NA
"323",383,25,1982,10,323232,"English","cloud",1,"green",1,"solid",1,NA,NA,NA,NA,NA,NA,NA,NA,NA,NA,NA,NA,113,113,113,"False",3,19,19,19,0.333,NA,NA,0.333,NA,NA,NA,NA,0.333,0,0,0,0,0,0,0,0,0,0,0,0,0,0,0,0,0,0,NA,NA,NA
"324",384,25,1693,11,121212,"English","polka-dotted",0,"square",1,"green",0,"solid",0,"blue",0,"circle",1,NA,NA,NA,NA,NA,NA,311,233,233,"False",6,3,26,26,NA,0.5,0.5,0,NA,0,0,NA,0,0,0,0,0,0,0,0,0,0,0,0,0,0,0,0,0,0,0,NA,NA,NA
"325",385,25,2368,12,113232,"English","circle",1,"cloud",1,"blue",0,"square",1,"polka-dotted",0,NA,NA,NA,NA,NA,NA,NA,NA,131,331,231,"True",5,7,9,8,0.333,0.333,0.333,NA,NA,0,0,NA,NA,0,0,0,0,0,0,0,0,0,0,0,0,0,0,0,0,0,0,NA,NA,NA
"326",386,25,1741,13,212112,"English","solid",1,"green",0,"red",1,"cloud",0,"circle",1,"polka-dotted",0,NA,NA,NA,NA,NA,NA,133,132,212,"True",6,25,16,11,0,0.333,NA,0.333,NA,0,NA,0.333,0,0,0,0,0,0,0,0,0,0,0,0,0,0,0,0,0,0,0,NA,NA,NA
"327",387,25,81,14,122111,"English","red",0,"cloud",0,"square",0,"circle",0,"polka-dotted",1,"solid",0,"blue",1,NA,NA,NA,NA,331,232,112,"True",7,9,17,10,0,0,0,0,NA,0.5,0.5,0,NA,0,0,0,0,0,0,0,0,0,0,0,0,0,0,0,0,0,0,NA,NA,NA
"328",388,25,1240,15,112112,"English","circle",0,"blue",0,"green",0,"striped",1,"solid",0,"square",0,"red",1,NA,NA,NA,NA,222,321,313,"True",7,14,6,21,NA,0,0,0,0.5,NA,0,0.5,0,0,0,0,0,0,0,0,0,0,0,0,0,0,0,0,0,0,0,NA,NA,NA
"329",389,25,2103,16,111112,"English","green",1,"red",0,"blue",0,"cloud",0,"striped",1,"circle",0,"square",0,"solid",0,NA,NA,222,111,313,"True",8,14,1,21,0,0,0,0,0.5,NA,0,0,0.5,0,0,0,0,0,0,0,0,0,0,0,0,0,0,0,0,0,0,NA,NA,NA
"330",390,25,1989,17,323232,"English","cloud",1,"polka-dotted",1,"red",1,NA,NA,NA,NA,NA,NA,NA,NA,NA,NA,NA,NA,132,132,132,"False",3,16,16,16,0.333,NA,NA,NA,NA,0.333,NA,0.333,NA,0,0,0,0,0,0,0,0,0,0,0,0,0,0,0,0,0,0,NA,NA,NA
"331",391,26,1552,3,322121,"English","circle",1,"blue",0,"cloud",0.7,"solid",1,"striped",0.65,NA,NA,NA,NA,NA,NA,NA,NA,121,121,211,"True",5,4,4,2,0.209,0.299,NA,0.299,0.194,NA,0,NA,NA,0,0,0,0,0,0,0,0,0,0,0,0,0,0,0,0,0,0,NA,NA,NA
"332",392,26,2000,4,323232,"English","striped",1,"circle",1,"blue",1,NA,NA,NA,NA,NA,NA,NA,NA,NA,NA,NA,NA,221,221,221,"False",3,5,5,5,NA,0.333,NA,NA,0.333,NA,0.333,NA,NA,0,0,0,0,0,0,0,0,0,0,0,0,0,0,0,0,0,0,NA,NA,NA
"333",393,26,1953,5,323232,"English","green",1,"striped",1,"square",1,NA,NA,NA,NA,NA,NA,NA,NA,NA,NA,NA,NA,323,323,323,"False",3,24,24,24,NA,NA,0.333,NA,0.333,NA,NA,NA,0.333,0,0,0,0,0,0,0,0,0,0,0,0,0,0,0,0,0,0,NA,NA,NA
"334",394,26,1683,6,121212,"English","circle",1,"striped",0.65,"blue",1,"square",0.5,"solid",1,"green",0.5,NA,NA,NA,NA,NA,NA,211,323,323,"False",6,2,24,24,NA,0.215,0.108,0.215,0.14,NA,0.215,NA,0.108,0,0,0,0,0,0,0,0,0,0,0,0,0,0,0,0,0,0,NA,NA,NA
"335",395,26,51,7,122111,"English","blue",0,"striped",0,"cloud",1,"solid",1,"green",1,"circle",1,"square",1,NA,NA,NA,NA,211,121,323,"True",7,2,4,24,0.2,0.2,0.2,0.2,0,NA,0,NA,0.2,0,0,0,0,0,0,0,0,0,0,0,0,0,0,0,0,0,0,NA,NA,NA
"336",396,26,2076,8,321111,"English","striped",1,"green",0,"solid",1,"square",1,"polka-dotted",1,"cloud",1,"circle",1,NA,NA,NA,NA,113,323,233,"True",7,19,24,26,0.167,0.167,0.167,0.167,0.167,0.167,NA,NA,0,0,0,0,0,0,0,0,0,0,0,0,0,0,0,0,0,0,0,NA,NA,NA
"337",397,26,455,9,211111,"English","cloud",1,"striped",0,"square",1,"red",1,"polka-dotted",1,"green",1,"blue",1,"circle",1,NA,NA,222,323,131,"True",8,14,24,7,0.143,0.143,0.143,NA,0,0.143,0.143,0.143,0.143,0,0,0,0,0,0,0,0,0,0,0,0,0,0,0,0,0,0,NA,NA,NA
"338",398,26,400,10,122132,"English","red",0,"striped",0,"polka-dotted",1,"green",1,"square",0,NA,NA,NA,NA,NA,NA,NA,NA,332,322,323,"True",5,18,15,24,NA,NA,0,NA,0,0.5,NA,0,0.5,0,0,0,0,0,0,0,0,0,0,0,0,0,0,0,0,0,0,NA,NA,NA
"339",399,26,1055,11,113212,"English","striped",0,"circle",0,"red",1,"blue",1,"solid",1,"green",1,NA,NA,NA,NA,NA,NA,211,222,223,"True",6,2,14,23,NA,0,NA,0.25,0,NA,0.25,0.25,0.25,0,0,0,0,0,0,0,0,0,0,0,0,0,0,0,0,0,0,NA,NA,NA
"340",400,26,2135,12,111112,"English","blue",1,"green",1,"solid",1,"square",1,"cloud",1,"striped",0,"red",1,"circle",0.95,NA,NA,311,123,222,"True",8,3,22,14,0.144,0.137,0.144,0.144,0,NA,0.144,0.144,0.144,0,0,0,0,0,0,0,0,0,0,0,0,0,0,0,0,0,0,NA,NA,NA
"341",401,26,1470,13,123211,"English","circle",1,"square",1,"green",1,"red",0,"cloud",1,"polka-dotted",1,NA,NA,NA,NA,NA,NA,233,132,332,"True",6,26,16,18,0.2,0.2,0.2,NA,NA,0.2,NA,0,0.2,0,0,0,0,0,0,0,0,0,0,0,0,0,0,0,0,0,0,NA,NA,NA
"342",402,26,858,14,112122,"English","green",1,"circle",1,"solid",1,"cloud",0,"striped",1,"polka-dotted",1,"red",0,NA,NA,NA,NA,112,123,232,"True",7,10,22,17,0,0.2,NA,0.2,0.2,0.2,NA,0,0.2,0,0,0,0,0,0,0,0,0,0,0,0,0,0,0,0,0,0,NA,NA,NA
"343",403,26,1672,15,121212,"English","green",1,"circle",1,"striped",0,"cloud",0.75,"red",0.75,"polka-dotted",0.8,NA,NA,NA,NA,NA,NA,223,132,132,"False",6,23,16,16,0.174,0.233,NA,NA,0,0.186,NA,0.174,0.233,0,0,0,0,0,0,0,0,0,0,0,0,0,0,0,0,0,0,NA,NA,NA
"344",404,26,1659,16,121212,"English","solid",0.25,"polka-dotted",1,"cloud",0.15,"blue",0.2,"green",1,"square",1,NA,NA,NA,NA,NA,NA,333,111,111,"False",6,27,1,1,0.042,NA,0.278,0.069,NA,0.278,0.056,NA,0.278,0,0,0,0,0,0,0,0,0,0,0,0,0,0,0,0,0,0,NA,NA,NA
"345",405,26,1126,17,321212,"English","square",0.25,"striped",0.2,"cloud",1,"polka-dotted",1,"green",0,NA,NA,NA,NA,NA,NA,NA,NA,133,323,323,"True",5,25,24,24,0.408,NA,0.102,NA,0.082,0.408,NA,NA,0,0,0,0,0,0,0,0,0,0,0,0,0,0,0,0,0,0,0,NA,NA,NA
"346",406,27,925,3,212121,"English","striped",0.3,"red",0.7,"green",0.3,"square",0.7,"circle",0.3,"polka-dotted",1,NA,NA,NA,NA,NA,NA,332,332,223,"False",6,18,18,23,NA,0.091,0.212,NA,0.091,0.303,NA,0.212,0.091,0,0,0,0,0,0,0,0,0,0,0,0,0,0,0,0,0,0,NA,NA,NA
"347",407,27,1370,4,113211,"English","solid",0.25,"cloud",0.25,"red",1,"polka-dotted",0.25,"striped",0.25,"circle",0.25,"square",0.25,NA,NA,NA,NA,312,132,222,"True",7,12,16,14,0.1,0.1,0.1,0.1,0.1,0.1,NA,0.4,NA,0,0,0,0,0,0,0,0,0,0,0,0,0,0,0,0,0,0,NA,NA,NA
"348",408,27,1979,5,323232,"English","green",1,"solid",1,"square",1,NA,NA,NA,NA,NA,NA,NA,NA,NA,NA,NA,NA,313,313,313,"False",3,21,21,21,NA,NA,0.333,0.333,NA,NA,NA,NA,0.333,0,0,0,0,0,0,0,0,0,0,0,0,0,0,0,0,0,0,NA,NA,NA
"349",409,27,2362,6,113232,"English","red",1,"circle",0.25,"cloud",0.25,"square",0.25,"polka-dotted",1,NA,NA,NA,NA,NA,NA,NA,NA,132,232,332,"True",5,16,17,18,0.091,0.091,0.091,NA,NA,0.364,NA,0.364,NA,0,0,0,0,0,0,0,0,0,0,0,0,0,0,0,0,0,0,NA,NA,NA
"350",410,27,565,7,213212,"English","circle",1,"red",0.25,"square",0.25,"striped",1,"green",0.75,NA,NA,NA,NA,NA,NA,NA,NA,323,223,222,"True",5,24,23,14,NA,0.308,0.077,NA,0.308,NA,NA,0.077,0.231,0,0,0,0,0,0,0,0,0,0,0,0,0,0,0,0,0,0,NA,NA,NA
"351",411,27,1951,8,323232,"English","circle",1,"green",1,"polka-dotted",1,NA,NA,NA,NA,NA,NA,NA,NA,NA,NA,NA,NA,233,233,233,"False",3,26,26,26,NA,0.333,NA,NA,NA,0.333,NA,NA,0.333,0,0,0,0,0,0,0,0,0,0,0,0,0,0,0,0,0,0,NA,NA,NA
"352",412,27,462,9,211111,"English","green",0.25,"solid",0.7,"circle",0.25,"square",0.25,"cloud",0.25,"polka-dotted",0.25,"red",0.25,"blue",0.25,NA,NA,311,213,132,"True",8,3,20,16,0.102,0.102,0.102,0.286,NA,0.102,0.102,0.102,0.102,0,0,0,0,0,0,0,0,0,0,0,0,0,0,0,0,0,0,NA,NA,NA
"353",413,27,1710,10,212112,"English","solid",0.25,"striped",0.7,"square",1,"blue",0.25,"green",0.7,"cloud",0.25,NA,NA,NA,NA,NA,NA,123,323,311,"True",6,22,24,3,0.079,NA,0.317,0.079,0.222,NA,0.079,NA,0.222,0,0,0,0,0,0,0,0,0,0,0,0,0,0,0,0,0,0,NA,NA,NA
"354",414,27,652,11,212211,"English","green",0.25,"polka-dotted",0.25,"red",0.25,"square",0.25,"cloud",1,"solid",1,"blue",0.25,NA,NA,NA,NA,112,133,311,"True",7,10,25,3,0.308,NA,0.077,0.308,NA,0.077,0.077,0.077,0.077,0,0,0,0,0,0,0,0,0,0,0,0,0,0,0,0,0,0,NA,NA,NA
"355",415,27,1515,12,322112,"English","blue",0.7,"striped",0.7,"circle",1,"polka-dotted",0.3,"green",0.3,NA,NA,NA,NA,NA,NA,NA,NA,231,221,223,"True",5,8,5,23,NA,0.333,NA,NA,0.233,0.1,0.233,NA,0.1,0,0,0,0,0,0,0,0,0,0,0,0,0,0,0,0,0,0,NA,NA,NA
"356",416,27,1682,13,121212,"English","blue",0.7,"polka-dotted",0.25,"square",0.25,"green",0.25,"striped",0.7,"cloud",1,NA,NA,NA,NA,NA,NA,333,121,121,"False",6,27,4,4,0.317,NA,0.079,NA,0.222,0.079,0.222,NA,0.079,0,0,0,0,0,0,0,0,0,0,0,0,0,0,0,0,0,0,NA,NA,NA
"357",417,27,1102,14,321212,"English","circle",1,"red",0.25,"blue",0.7,"striped",0.7,"solid",0.25,NA,NA,NA,NA,NA,NA,NA,NA,212,221,221,"True",5,11,5,5,NA,0.345,NA,0.086,0.241,NA,0.241,0.086,NA,0,0,0,0,0,0,0,0,0,0,0,0,0,0,0,0,0,0,NA,NA,NA
"358",418,27,1713,15,212112,"English","blue",0.25,"square",0.7,"striped",0.7,"cloud",0.25,"polka-dotted",0.25,"green",0.7,NA,NA,NA,NA,NA,NA,333,323,121,"True",6,27,24,4,0.088,NA,0.246,NA,0.246,0.088,0.088,NA,0.246,0,0,0,0,0,0,0,0,0,0,0,0,0,0,0,0,0,0,NA,NA,NA
"359",419,27,2169,16,121111,"English","blue",0.25,"cloud",0.25,"circle",0.25,"solid",0.25,"green",0.25,"square",0.25,"red",0.25,"striped",1,NA,NA,313,122,221,"True",8,21,13,5,0.091,0.091,0.091,0.091,0.364,NA,0.091,0.091,0.091,0,0,0,0,0,0,0,0,0,0,0,0,0,0,0,0,0,0,NA,NA,NA
"360",420,27,1683,17,121212,"English","square",0.75,"green",0.75,"striped",1,"blue",0.25,"circle",0.25,"solid",0.25,NA,NA,NA,NA,NA,NA,211,323,323,"False",6,2,24,24,NA,0.077,0.231,0.077,0.308,NA,0.077,NA,0.231,0,0,0,0,0,0,0,0,0,0,0,0,0,0,0,0,0,0,NA,NA,NA
"361",421,28,1276,3,111111,"English","circle",0.75,"cloud",0.25,"blue",0.4,"striped",0.7,"square",0.7,"green",0.35,"polka-dotted",0.25,"red",0.4,"solid",0.4,221,113,332,"False",9,5,19,18,0.06,0.179,0.167,0.095,0.167,0.06,0.095,0.095,0.083,0,0,0,0,0,0,0,0,0,0,0,0,0,0,0,0,0,0,NA,NA,NA
"362",422,28,2030,4,322122,"English","blue",0.7,"cloud",0.45,"red",0.5,"circle",0.65,"striped",0.7,NA,NA,NA,NA,NA,NA,NA,NA,222,221,122,"True",5,14,5,13,0.15,0.217,NA,NA,0.233,NA,0.233,0.167,NA,0,0,0,0,0,0,0,0,0,0,0,0,0,0,0,0,0,0,NA,NA,NA
"363",423,28,2044,5,322122,"English","red",0.85,"circle",0.7,"polka-dotted",0.6,"striped",0.35,"cloud",0.35,NA,NA,NA,NA,NA,NA,NA,NA,232,222,132,"True",5,17,14,16,0.123,0.246,NA,NA,0.123,0.211,NA,0.298,NA,0,0,0,0,0,0,0,0,0,0,0,0,0,0,0,0,0,0,NA,NA,NA
"364",424,28,976,6,121112,"English","red",0.3,"cloud",0.35,"green",0.25,"polka-dotted",0.45,"circle",0.2,"blue",0.2,"striped",0.15,NA,NA,NA,NA,222,131,133,"True",7,14,7,25,0.184,0.105,NA,NA,0.079,0.237,0.105,0.158,0.132,0,0,0,0,0,0,0,0,0,0,0,0,0,0,0,0,0,0,NA,NA,NA
"365",425,28,916,7,212121,"English","blue",0.4,"circle",0.4,"solid",0.65,"striped",0.7,"cloud",0.65,"green",0.65,NA,NA,NA,NA,NA,NA,123,123,211,"False",6,22,22,2,0.188,0.116,NA,0.188,0.203,NA,0.116,NA,0.188,0,0,0,0,0,0,0,0,0,0,0,0,0,0,0,0,0,0,NA,NA,NA
"366",426,28,1977,8,323232,"English","blue",1,"polka-dotted",1,"cloud",1,NA,NA,NA,NA,NA,NA,NA,NA,NA,NA,NA,NA,131,131,131,"False",3,7,7,7,0.333,NA,NA,NA,NA,0.333,0.333,NA,NA,0,0,0,0,0,0,0,0,0,0,0,0,0,0,0,0,0,0,NA,NA,NA
"367",427,28,170,9,323212,"English","solid",0.4,"circle",1,"red",1,"striped",0.5,NA,NA,NA,NA,NA,NA,NA,NA,NA,NA,212,222,222,"True",4,11,14,14,NA,0.345,NA,0.138,0.172,NA,NA,0.345,NA,0,0,0,0,0,0,0,0,0,0,0,0,0,0,0,0,0,0,NA,NA,NA
"368",428,28,1890,10,123212,"English","green",0.65,"polka-dotted",0.7,"solid",0.3,"circle",1,"blue",0.35,NA,NA,NA,NA,NA,NA,NA,NA,211,233,233,"True",5,2,26,26,NA,0.333,NA,0.1,NA,0.233,0.117,NA,0.217,0,0,0,0,0,0,0,0,0,0,0,0,0,0,0,0,0,0,NA,NA,NA
"369",429,28,1479,11,123211,"English","solid",0.25,"red",1,"striped",0.6,"circle",0.55,"polka-dotted",0.35,"square",0.35,NA,NA,NA,NA,NA,NA,232,312,322,"True",6,17,12,15,NA,0.177,0.113,0.081,0.194,0.113,NA,0.323,NA,0,0,0,0,0,0,0,0,0,0,0,0,0,0,0,0,0,0,NA,NA,NA
"370",430,28,730,12,212122,"English","striped",0.6,"solid",0.25,"cloud",0.35,"square",0.7,"blue",0.3,"green",0.5,NA,NA,NA,NA,NA,NA,321,323,111,"True",6,6,24,1,0.13,NA,0.259,0.093,0.222,NA,0.111,NA,0.185,0,0,0,0,0,0,0,0,0,0,0,0,0,0,0,0,0,0,NA,NA,NA
"371",431,28,1259,13,111111,"English","square",0.25,"circle",0.2,"polka-dotted",0.3,"green",0.2,"cloud",0.2,"blue",0.2,"red",0.25,"solid",0.2,"striped",0.25,221,112,333,"False",9,5,10,27,0.098,0.098,0.122,0.098,0.122,0.146,0.098,0.122,0.098,0,0,0,0,0,0,0,0,0,0,0,0,0,0,0,0,0,0,NA,NA,NA
"372",432,28,44,14,122112,"English","solid",0.25,"circle",0.35,"cloud",0.4,"green",0.35,"blue",0.3,"polka-dotted",0.45,NA,NA,NA,NA,NA,NA,131,113,213,"True",6,7,19,20,0.19,0.167,NA,0.119,NA,0.214,0.143,NA,0.167,0,0,0,0,0,0,0,0,0,0,0,0,0,0,0,0,0,0,NA,NA,NA
"373",433,28,736,15,212122,"English","circle",0.65,"blue",0.35,"striped",0.6,"square",0.5,"green",0.4,"solid",0.4,NA,NA,NA,NA,NA,NA,211,213,321,"True",6,2,20,6,NA,0.224,0.172,0.138,0.207,NA,0.121,NA,0.138,0,0,0,0,0,0,0,0,0,0,0,0,0,0,0,0,0,0,NA,NA,NA
"374",434,28,941,16,212121,"English","cloud",0.6,"blue",0.35,"solid",0.5,"polka-dotted",0.4,"green",0.65,"circle",0.65,NA,NA,NA,NA,NA,NA,211,211,133,"False",6,2,2,25,0.19,0.206,NA,0.159,NA,0.127,0.111,NA,0.206,0,0,0,0,0,0,0,0,0,0,0,0,0,0,0,0,0,0,NA,NA,NA
"375",435,28,1909,17,111212,"English","cloud",0.4,"circle",0.65,"red",0.65,"green",0.4,"square",0.6,"striped",0.35,"solid",0.3,NA,NA,NA,NA,323,112,212,"True",7,24,10,11,0.119,0.194,0.179,0.09,0.104,NA,NA,0.194,0.119,0,0,0,0,0,0,0,0,0,0,0,0,0,0,0,0,0,0,NA,NA,NA
"376",436,29,101,3,212111,"English","circle",0.85,"square",0.3,"striped",0.3,"polka-dotted",0.85,"blue",0.85,"green",0.3,"cloud",0.3,NA,NA,NA,NA,323,123,231,"True",7,24,22,8,0.08,0.227,0.08,NA,0.08,0.227,0.227,NA,0.08,0,0,0,0,0,0,0,0,0,0,0,0,0,0,0,0,0,0,NA,NA,NA
"377",437,29,954,4,121112,"English","green",0.8,"cloud",0.8,"striped",0.2,"polka-dotted",0.8,"red",0.2,"circle",0.2,"square",0.2,NA,NA,NA,NA,133,322,222,"True",7,25,15,14,0.25,0.062,0.062,NA,0.062,0.25,NA,0.062,0.25,0,0,0,0,0,0,0,0,0,0,0,0,0,0,0,0,0,0,NA,NA,NA
"378",438,29,504,5,112132,"English","cloud",0,"solid",0.2,"blue",0.85,"red",0.85,"polka-dotted",0.85,"green",0.85,NA,NA,NA,NA,NA,NA,111,112,133,"True",6,1,10,25,0,NA,NA,0.056,NA,0.236,0.236,0.236,0.236,0,0,0,0,0,0,0,0,0,0,0,0,0,0,0,0,0,0,NA,NA,NA
"379",439,29,1974,6,323232,"English","circle",0.2,"red",0.2,"striped",0.2,NA,NA,NA,NA,NA,NA,NA,NA,NA,NA,NA,NA,222,222,222,"False",3,14,14,14,NA,0.333,NA,NA,0.333,NA,NA,0.333,NA,0,0,0,0,0,0,0,0,0,0,0,0,0,0,0,0,0,0,NA,NA,NA
"380",440,29,1040,7,212212,"English","circle",0.7,"solid",0.7,"green",0.3,"polka-dotted",0.3,"blue",0.7,"square",0.3,NA,NA,NA,NA,NA,NA,233,331,313,"True",6,26,9,21,NA,0.233,0.1,0.233,NA,0.1,0.233,NA,0.1,0,0,0,0,0,0,0,0,0,0,0,0,0,0,0,0,0,0,NA,NA,NA
"381",441,29,1689,8,121212,"English","polka-dotted",0.8,"cloud",0.8,"red",0,"striped",0,"green",0.8,"square",0,NA,NA,NA,NA,NA,NA,133,322,322,"False",6,25,15,15,0.333,NA,0,NA,0,0.333,NA,0,0.333,0,0,0,0,0,0,0,0,0,0,0,0,0,0,0,0,0,0,NA,NA,NA
"382",442,29,1554,9,322121,"English","striped",0.85,"polka-dotted",0,"blue",0,"cloud",0,"red",0.85,NA,NA,NA,NA,NA,NA,NA,NA,131,131,122,"True",5,7,7,13,0,NA,NA,NA,0.5,0,0,0.5,NA,0,0,0,0,0,0,0,0,0,0,0,0,0,0,0,0,0,0,NA,NA,NA
"383",443,29,1088,10,113212,"English","circle",0,"polka-dotted",0.85,"striped",0.85,"red",0.85,"blue",0.2,"solid",0.85,NA,NA,NA,NA,NA,NA,232,221,211,"True",6,17,5,2,NA,0,NA,0.236,0.236,0.236,0.056,0.236,NA,0,0,0,0,0,0,0,0,0,0,0,0,0,0,0,0,0,0,NA,NA,NA
"384",444,29,2165,11,121111,"English","solid",0.8,"polka-dotted",0.8,"cloud",0.8,"square",0.8,"green",0.15,"striped",0.8,"blue",0.8,"circle",0.8,NA,NA,321,233,113,"True",8,6,26,19,0.139,0.139,0.139,0.139,0.139,0.139,0.139,NA,0.026,0,0,0,0,0,0,0,0,0,0,0,0,0,0,0,0,0,0,NA,NA,NA
"385",445,29,946,12,212121,"English","blue",0,"red",0.8,"striped",0,"polka-dotted",0.8,"cloud",0.8,"square",0,NA,NA,NA,NA,NA,NA,321,321,132,"False",6,6,6,16,0.333,NA,0,NA,0,0.333,0,0.333,NA,0,0,0,0,0,0,0,0,0,0,0,0,0,0,0,0,0,0,NA,NA,NA
"386",446,29,1691,13,121212,"English","circle",1,"red",1,"solid",0,"polka-dotted",0.95,"square",0,"green",0,NA,NA,NA,NA,NA,NA,232,313,313,"False",6,17,21,21,NA,0.339,0,0,NA,0.322,NA,0.339,0,0,0,0,0,0,0,0,0,0,0,0,0,0,0,0,0,0,0,NA,NA,NA
"387",447,29,1757,14,322132,"English","red",0,"circle",0,"green",1,"polka-dotted",0,NA,NA,NA,NA,NA,NA,NA,NA,NA,NA,232,232,233,"True",4,17,17,26,NA,0,NA,NA,NA,0,NA,0,1,0,0,0,0,0,0,0,0,0,0,0,0,0,0,0,0,0,0,NA,NA,NA
"388",448,29,82,15,122111,"English","solid",0.2,"red",0.2,"blue",0.8,"cloud",0.8,"polka-dotted",0.8,"circle",0.8,"square",0.8,NA,NA,NA,NA,211,112,332,"True",7,2,10,18,0.182,0.182,0.182,0.045,NA,0.182,0.182,0.045,NA,0,0,0,0,0,0,0,0,0,0,0,0,0,0,0,0,0,0,NA,NA,NA
"389",449,29,409,16,321112,"English","blue",0.85,"green",0.15,"cloud",0.85,"circle",0.7,"square",0.7,"solid",0,NA,NA,NA,NA,NA,NA,111,213,313,"True",6,1,20,21,0.262,0.215,0.215,0,NA,NA,0.262,NA,0.046,0,0,0,0,0,0,0,0,0,0,0,0,0,0,0,0,0,0,NA,NA,NA
"390",450,29,1985,17,323232,"English","blue",1,"cloud",0,"solid",0,NA,NA,NA,NA,NA,NA,NA,NA,NA,NA,NA,NA,111,111,111,"False",3,1,1,1,0,NA,NA,0,NA,NA,1,NA,NA,0,0,0,0,0,0,0,0,0,0,0,0,0,0,0,0,0,0,NA,NA,NA
"391",451,30,567,3,213212,"English","polka-dotted",1,"red",0.1,"square",0,"green",1,"solid",0,NA,NA,NA,NA,NA,NA,NA,NA,332,312,313,"True",5,18,12,21,NA,NA,0,0,NA,0.476,NA,0.048,0.476,0,0,0,0,0,0,0,0,0,0,0,0,0,0,0,0,0,0,NA,NA,NA
"392",452,30,1477,4,123211,"English","green",0,"polka-dotted",1,"striped",1,"solid",1,"square",1,"cloud",0,NA,NA,NA,NA,NA,NA,313,123,133,"True",6,21,22,25,0,NA,0.25,0.25,0.25,0.25,NA,NA,0,0,0,0,0,0,0,0,0,0,0,0,0,0,0,0,0,0,0,NA,NA,NA
"393",453,30,910,5,212121,"English","blue",1,"polka-dotted",1,"solid",0,"square",0,"circle",1,"red",0,NA,NA,NA,NA,NA,NA,312,312,231,"False",6,12,12,8,NA,0.333,0,0,NA,0.333,0.333,0,NA,0,0,0,0,0,0,0,0,0,0,0,0,0,0,0,0,0,0,NA,NA,NA
"394",454,30,810,6,112111,"English","red",1,"circle",1,"cloud",1,"square",1,"solid",1,"polka-dotted",1,"blue",0,"striped",1,NA,NA,311,131,222,"True",8,3,7,14,0.143,0.143,0.143,0.143,0.143,0.143,0,0.143,NA,0,0,0,0,0,0,0,0,0,0,0,0,0,0,0,0,0,0,NA,NA,NA
"395",455,30,1258,7,111111,"English","polka-dotted",1,"circle",1,"square",1,"red",1,"striped",1,"solid",1,"cloud",1,"green",1,"blue",1,331,222,113,"False",9,9,14,19,0.111,0.111,0.111,0.111,0.111,0.111,0.111,0.111,0.111,0,0,0,0,0,0,0,0,0,0,0,0,0,0,0,0,0,0,NA,NA,NA
"396",456,30,1334,8,122122,"English","striped",1,"green",1,"polka-dotted",0,"circle",0,"blue",0,"square",1,NA,NA,NA,NA,NA,NA,331,233,221,"True",6,9,26,5,NA,0,0.333,NA,0.333,0,0,NA,0.333,0,0,0,0,0,0,0,0,0,0,0,0,0,0,0,0,0,0,NA,NA,NA
"397",457,30,1602,9,211112,"English","solid",0,"striped",1,"cloud",1,"green",1,"circle",1,"blue",0,"square",1,NA,NA,NA,NA,221,111,313,"True",7,5,1,21,0.2,0.2,0.2,0,0.2,NA,0,NA,0.2,0,0,0,0,0,0,0,0,0,0,0,0,0,0,0,0,0,0,NA,NA,NA
"398",458,30,199,10,323212,"English","red",0,"solid",0,"green",1,"circle",0,NA,NA,NA,NA,NA,NA,NA,NA,NA,NA,213,212,212,"True",4,20,11,11,NA,0,NA,0,NA,NA,NA,0,1,0,0,0,0,0,0,0,0,0,0,0,0,0,0,0,0,0,0,NA,NA,NA
"399",459,30,302,11,213211,"English","blue",1,"striped",0,"circle",0,"red",1,"square",1,"green",1,NA,NA,NA,NA,NA,NA,221,222,323,"True",6,5,14,24,NA,0,0.25,NA,0,NA,0.25,0.25,0.25,0,0,0,0,0,0,0,0,0,0,0,0,0,0,0,0,0,0,NA,NA,NA
"400",460,30,1991,12,323232,"English","red",0,"polka-dotted",0,"circle",0,NA,NA,NA,NA,NA,NA,NA,NA,NA,NA,NA,NA,232,232,232,"False",3,17,17,17,NA,0.333,NA,NA,NA,0.333,NA,0.333,NA,0,0,0,0,0,0,0,0,0,0,0,0,0,0,0,0,0,0,NA,NA,NA
"401",461,30,1655,13,121212,"English","polka-dotted",0,"circle",1,"blue",0,"red",1,"cloud",0,"striped",1,NA,NA,NA,NA,NA,NA,222,131,131,"False",6,14,7,7,0,0.333,NA,NA,0.333,0,0,0.333,NA,0,0,0,0,0,0,0,0,0,0,0,0,0,0,0,0,0,0,NA,NA,NA
"402",462,30,1473,14,123211,"English","striped",1,"blue",0,"polka-dotted",1,"solid",0,"red",1,"circle",0,NA,NA,NA,NA,NA,NA,222,231,211,"True",6,14,8,2,NA,0,NA,0,0.333,0.333,0,0.333,NA,0,0,0,0,0,0,0,0,0,0,0,0,0,0,0,0,0,0,NA,NA,NA
"403",463,30,339,15,213211,"English","striped",1,"red",0,"polka-dotted",1,"solid",1,"square",0,"green",1,NA,NA,NA,NA,NA,NA,312,332,323,"True",6,12,18,24,NA,NA,0,0.25,0.25,0.25,NA,0,0.25,0,0,0,0,0,0,0,0,0,0,0,0,0,0,0,0,0,0,NA,NA,NA
"404",464,30,1278,16,111111,"English","red",1,"striped",1,"solid",1,"green",1,"cloud",1,"circle",1,"polka-dotted",1,"square",1,"blue",1,112,233,321,"False",9,10,26,6,0.111,0.111,0.111,0.111,0.111,0.111,0.111,0.111,0.111,0,0,0,0,0,0,0,0,0,0,0,0,0,0,0,0,0,0,NA,NA,NA
"405",465,30,2171,17,121111,"English","green",0,"blue",1,"cloud",1,"striped",1,"square",1,"circle",1,"solid",1,"polka-dotted",1,NA,NA,311,123,233,"True",8,3,22,26,0.143,0.143,0.143,0.143,0.143,0.143,0.143,NA,0,0,0,0,0,0,0,0,0,0,0,0,0,0,0,0,0,0,0,NA,NA,NA
"406",466,31,396,3,122132,"english","cloud",0.75,"solid",1,"circle",0.4,"blue",0.3,"red",0.3,NA,NA,NA,NA,NA,NA,NA,NA,212,211,111,"True",5,11,2,1,0.273,0.145,NA,0.364,NA,NA,0.109,0.109,NA,0,0,0,0,0,0,0,0,0,0,0,0,0,0,0,0,0,0,NA,NA,NA
"407",467,31,1993,4,323232,"english","cloud",0.2,"red",0.35,"striped",1,NA,NA,NA,NA,NA,NA,NA,NA,NA,NA,NA,NA,122,122,122,"False",3,13,13,13,0.129,NA,NA,NA,0.645,NA,NA,0.226,NA,0,0,0,0,0,0,0,0,0,0,0,0,0,0,0,0,0,0,NA,NA,NA
"408",468,31,941,5,212121,"english","polka-dotted",0.25,"green",0.2,"solid",0.85,"blue",0.6,"cloud",0.05,"circle",0.45,NA,NA,NA,NA,NA,NA,211,211,133,"False",6,2,2,25,0.021,0.188,NA,0.354,NA,0.104,0.25,NA,0.083,0,0,0,0,0,0,0,0,0,0,0,0,0,0,0,0,0,0,NA,NA,NA
"409",469,31,1622,6,211112,"english","green",0.1,"cloud",0,"polka-dotted",0.25,"square",0.25,"blue",0.25,"solid",0.85,"red",0.3,NA,NA,NA,NA,331,312,113,"True",7,9,12,19,0,NA,0.125,0.425,NA,0.125,0.125,0.15,0.05,0,0,0,0,0,0,0,0,0,0,0,0,0,0,0,0,0,0,NA,NA,NA
"410",470,31,251,7,212222,"english","green",0.55,"cloud",0.25,"square",0.55,"polka-dotted",0.3,"solid",0.95,"red",0.2,NA,NA,NA,NA,NA,NA,333,132,313,"True",6,27,16,21,0.089,NA,0.196,0.339,NA,0.107,NA,0.071,0.196,0,0,0,0,0,0,0,0,0,0,0,0,0,0,0,0,0,0,NA,NA,NA
"411",471,31,2157,8,121111,"english","square",0.2,"green",0.6,"blue",0.45,"circle",0.35,"cloud",0.6,"solid",0.85,"polka-dotted",0.25,"striped",0.35,NA,NA,331,113,223,"True",8,9,19,23,0.164,0.096,0.055,0.233,0.096,0.068,0.123,NA,0.164,0,0,0,0,0,0,0,0,0,0,0,0,0,0,0,0,0,0,NA,NA,NA
"412",472,31,1985,9,323232,"english","solid",1,"cloud",1,"blue",1,NA,NA,NA,NA,NA,NA,NA,NA,NA,NA,NA,NA,111,111,111,"False",3,1,1,1,0.333,NA,NA,0.333,NA,NA,0.333,NA,NA,0,0,0,0,0,0,0,0,0,0,0,0,0,0,0,0,0,0,NA,NA,NA
"413",473,31,1723,10,212112,"english","square",0.65,"green",0.45,"striped",0.65,"solid",1,"cloud",0.4,"blue",0.25,NA,NA,NA,NA,NA,NA,311,321,123,"True",6,3,6,22,0.118,NA,0.191,0.294,0.191,NA,0.074,NA,0.132,0,0,0,0,0,0,0,0,0,0,0,0,0,0,0,0,0,0,NA,NA,NA
"414",474,31,1300,11,111111,"english","square",0.2,"striped",0.5,"solid",0.9,"circle",0.4,"polka-dotted",0.35,"green",0.55,"red",0.45,"blue",0.45,"cloud",0.15,132,313,221,"False",9,16,21,5,0.038,0.101,0.051,0.228,0.127,0.089,0.114,0.114,0.139,0,0,0,0,0,0,0,0,0,0,0,0,0,0,0,0,0,0,NA,NA,NA
"415",475,31,1218,12,112112,"english","cloud",0.9,"blue",0.4,"polka-dotted",0.4,"red",0.4,"striped",0.7,"circle",0.3,"green",0.3,NA,NA,NA,NA,222,121,133,"True",7,14,4,25,0.265,0.088,NA,NA,0.206,0.118,0.118,0.118,0.088,0,0,0,0,0,0,0,0,0,0,0,0,0,0,0,0,0,0,NA,NA,NA
"416",476,31,2340,13,123232,"english","striped",0.2,"red",0.95,"circle",1,"solid",1,NA,NA,NA,NA,NA,NA,NA,NA,NA,NA,222,212,212,"True",4,14,11,11,NA,0.317,NA,0.317,0.063,NA,NA,0.302,NA,0,0,0,0,0,0,0,0,0,0,0,0,0,0,0,0,0,0,NA,NA,NA
"417",477,31,1659,14,121212,"english","cloud",0.6,"square",0.25,"solid",0.85,"blue",0.65,"green",0.35,"polka-dotted",0.35,NA,NA,NA,NA,NA,NA,333,111,111,"False",6,27,1,1,0.197,NA,0.082,0.279,NA,0.115,0.213,NA,0.115,0,0,0,0,0,0,0,0,0,0,0,0,0,0,0,0,0,0,NA,NA,NA
"418",478,31,1727,15,212112,"english","green",0.2,"polka-dotted",0.65,"striped",0.35,"square",0.65,"blue",0.8,"circle",0.6,NA,NA,NA,NA,NA,NA,231,331,323,"True",6,8,9,24,NA,0.185,0.2,NA,0.108,0.2,0.246,NA,0.062,0,0,0,0,0,0,0,0,0,0,0,0,0,0,0,0,0,0,NA,NA,NA
"419",479,31,2224,16,323211,"english","striped",1,"green",0.2,"red",0.2,"cloud",1,"blue",0.2,NA,NA,NA,NA,NA,NA,NA,NA,122,123,121,"True",5,13,22,4,0.385,NA,NA,NA,0.385,NA,0.077,0.077,0.077,0,0,0,0,0,0,0,0,0,0,0,0,0,0,0,0,0,0,NA,NA,NA
"420",480,31,1222,17,112112,"english","cloud",0.2,"red",0.55,"square",0.25,"circle",0.25,"striped",0.55,"blue",0.35,"polka-dotted",0.3,NA,NA,NA,NA,132,322,221,"True",7,16,15,5,0.082,0.102,0.102,NA,0.224,0.122,0.143,0.224,NA,0,0,0,0,0,0,0,0,0,0,0,0,0,0,0,0,0,0,NA,NA,NA
"421",481,32,311,3,213211,"English","square",0.3,"green",1,"striped",1,"blue",0.5,"circle",0.85,"red",0.5,NA,NA,NA,NA,NA,NA,221,223,322,"True",6,5,23,15,NA,0.205,0.072,NA,0.241,NA,0.12,0.12,0.241,0,0,0,0,0,0,0,0,0,0,0,0,0,0,0,0,0,0,NA,NA,NA
"422",482,32,1252,4,111111,"English","green",0,"circle",1,"blue",1,"red",0,"striped",0,"cloud",0,"square",0,"polka-dotted",0,"solid",1,322,133,211,"False",9,15,25,2,0,0.333,0,0.333,0,0,0.333,0,0,0,0,0,0,0,0,0,0,0,0,0,0,0,0,0,0,0,0,NA,NA,NA
"423",483,32,2363,5,113232,"English","solid",0,"square",1,"polka-dotted",1,"striped",0,"blue",1,NA,NA,NA,NA,NA,NA,NA,NA,311,331,321,"True",5,3,9,6,NA,NA,0.333,0,0,0.333,0.333,NA,NA,0,0,0,0,0,0,0,0,0,0,0,0,0,0,0,0,0,0,NA,NA,NA
"424",484,32,1527,6,322112,"English","circle",1,"green",0,"striped",1,"red",1,"solid",0,NA,NA,NA,NA,NA,NA,NA,NA,213,212,222,"True",5,20,11,14,NA,0.333,NA,0,0.333,NA,NA,0.333,0,0,0,0,0,0,0,0,0,0,0,0,0,0,0,0,0,0,0,NA,NA,NA
"425",485,32,1952,7,323232,"English","blue",1,"cloud",1,"polka-dotted",1,NA,NA,NA,NA,NA,NA,NA,NA,NA,NA,NA,NA,131,131,131,"False",3,7,7,7,0.333,NA,NA,NA,NA,0.333,0.333,NA,NA,0,0,0,0,0,0,0,0,0,0,0,0,0,0,0,0,0,0,NA,NA,NA
"426",486,32,1962,8,323232,"English","square",1,"green",1,"striped",1,NA,NA,NA,NA,NA,NA,NA,NA,NA,NA,NA,NA,323,323,323,"False",3,24,24,24,NA,NA,0.333,NA,0.333,NA,NA,NA,0.333,0,0,0,0,0,0,0,0,0,0,0,0,0,0,0,0,0,0,NA,NA,NA
"427",487,32,1757,9,322132,"English","circle",1,"polka-dotted",1,"red",0,"green",1,NA,NA,NA,NA,NA,NA,NA,NA,NA,NA,232,232,233,"True",4,17,17,26,NA,0.333,NA,NA,NA,0.333,NA,0,0.333,0,0,0,0,0,0,0,0,0,0,0,0,0,0,0,0,0,0,NA,NA,NA
"428",488,32,1655,10,121212,"English","striped",1,"red",1,"circle",1,"polka-dotted",0,"blue",0,"cloud",0,NA,NA,NA,NA,NA,NA,222,131,131,"False",6,14,7,7,0,0.333,NA,NA,0.333,0,0,0.333,NA,0,0,0,0,0,0,0,0,0,0,0,0,0,0,0,0,0,0,NA,NA,NA
"429",489,32,325,11,213211,"English","blue",1,"green",0,"solid",1,"striped",0,"polka-dotted",0,"square",1,NA,NA,NA,NA,NA,NA,311,331,323,"True",6,3,9,24,NA,NA,0.333,0.333,0,0,0.333,NA,0,0,0,0,0,0,0,0,0,0,0,0,0,0,0,0,0,0,0,NA,NA,NA
"430",490,32,1357,12,113211,"English","solid",1,"circle",1,"cloud",0,"red",1,"blue",0,"green",0,"square",0,NA,NA,NA,NA,113,212,311,"True",7,19,11,3,0,0.333,0,0.333,NA,NA,0,0.333,0,0,0,0,0,0,0,0,0,0,0,0,0,0,0,0,0,0,0,NA,NA,NA
"431",491,32,2272,13,213232,"English","square",1,"polka-dotted",1,"green",0,"red",1,NA,NA,NA,NA,NA,NA,NA,NA,NA,NA,333,333,332,"True",4,27,27,18,NA,NA,0.333,NA,NA,0.333,NA,0.333,0,0,0,0,0,0,0,0,0,0,0,0,0,0,0,0,0,0,0,NA,NA,NA
"432",492,32,1659,14,121212,"English","solid",0,"green",1,"polka-dotted",1,"blue",0,"square",1,"cloud",0,NA,NA,NA,NA,NA,NA,333,111,111,"False",6,27,1,1,0,NA,0.333,0,NA,0.333,0,NA,0.333,0,0,0,0,0,0,0,0,0,0,0,0,0,0,0,0,0,0,NA,NA,NA
"433",493,32,714,15,212122,"English","blue",1,"red",0,"circle",0,"polka-dotted",1,"square",1,"solid",0,NA,NA,NA,NA,NA,NA,312,212,331,"True",6,12,11,9,NA,0,0.333,0,NA,0.333,0.333,0,NA,0,0,0,0,0,0,0,0,0,0,0,0,0,0,0,0,0,0,NA,NA,NA
"434",494,32,328,16,213211,"English","solid",1,"red",0,"square",1,"cloud",0,"green",1,"circle",0,NA,NA,NA,NA,NA,NA,112,212,313,"True",6,10,11,21,0,0,0.333,0.333,NA,NA,NA,0,0.333,0,0,0,0,0,0,0,0,0,0,0,0,0,0,0,0,0,0,NA,NA,NA
"435",495,32,1762,17,322132,"English","solid",0,"green",1,"square",1,"polka-dotted",1,NA,NA,NA,NA,NA,NA,NA,NA,NA,NA,313,313,333,"True",4,21,21,27,NA,NA,0.333,0,NA,0.333,NA,NA,0.333,0,0,0,0,0,0,0,0,0,0,0,0,0,0,0,0,0,0,NA,NA,NA
"436",496,33,1989,3,323232,"english","polka-dotted",1,"cloud",1,"red",1,NA,NA,NA,NA,NA,NA,NA,NA,NA,NA,NA,NA,132,132,132,"False",3,16,16,16,0.333,NA,NA,NA,NA,0.333,NA,0.333,NA,0,0,0,0,0,0,0,0,0,0,0,0,0,0,0,0,0,0,NA,NA,NA
"437",497,33,1562,4,322121,"english","square",1,"blue",1,"red",0,"solid",1,"circle",0,NA,NA,NA,NA,NA,NA,NA,NA,311,311,212,"True",5,3,3,11,NA,0,0.333,0.333,NA,NA,0.333,0,NA,0,0,0,0,0,0,0,0,0,0,0,0,0,0,0,0,0,0,NA,NA,NA
"438",498,33,1600,5,322121,"english","solid",1,"square",1,"red",0,"blue",1,"striped",0,NA,NA,NA,NA,NA,NA,NA,NA,311,311,322,"True",5,3,3,15,NA,NA,0.333,0.333,0,NA,0.333,0,NA,0,0,0,0,0,0,0,0,0,0,0,0,0,0,0,0,0,0,NA,NA,NA
"439",499,33,865,6,112122,"english","cloud",1,"blue",0,"green",0,"striped",0,"circle",0,"red",1,"solid",1,NA,NA,NA,NA,213,221,112,"True",7,20,5,10,0.333,0,NA,0.333,0,NA,0,0.333,0,0,0,0,0,0,0,0,0,0,0,0,0,0,0,0,0,0,0,NA,NA,NA
"440",500,33,124,7,212111,"english","blue",1,"red",0,"polka-dotted",1,"square",0,"striped",0,"cloud",1,"solid",0,NA,NA,NA,NA,131,121,312,"True",7,7,4,12,0.333,NA,0,0,0,0.333,0.333,0,NA,0,0,0,0,0,0,0,0,0,0,0,0,0,0,0,0,0,0,NA,NA,NA
"441",501,33,191,8,323212,"english","striped",1,"blue",1,"solid",1,"circle",1,NA,NA,NA,NA,NA,NA,NA,NA,NA,NA,211,221,221,"True",4,2,5,5,NA,0.25,NA,0.25,0.25,NA,0.25,NA,NA,0,0,0,0,0,0,0,0,0,0,0,0,0,0,0,0,0,0,NA,NA,NA
"442",502,33,1436,9,322111,"english","red",1,"blue",0,"green",0,"circle",1,"solid",0,"polka-dotted",0,NA,NA,NA,NA,NA,NA,231,233,212,"True",6,8,26,11,NA,0.5,NA,0,NA,0,0,0.5,0,0,0,0,0,0,0,0,0,0,0,0,0,0,0,0,0,0,0,NA,NA,NA
"443",503,33,2265,10,213232,"english","polka-dotted",1,"circle",0,"blue",1,"cloud",1,NA,NA,NA,NA,NA,NA,NA,NA,NA,NA,131,131,231,"True",4,7,7,8,0.333,0,NA,NA,NA,0.333,0.333,NA,NA,0,0,0,0,0,0,0,0,0,0,0,0,0,0,0,0,0,0,NA,NA,NA
"444",504,33,1995,11,323232,"english","polka-dotted",1,"blue",1,"cloud",1,NA,NA,NA,NA,NA,NA,NA,NA,NA,NA,NA,NA,131,131,131,"False",3,7,7,7,0.333,NA,NA,NA,NA,0.333,0.333,NA,NA,0,0,0,0,0,0,0,0,0,0,0,0,0,0,0,0,0,0,NA,NA,NA
"445",505,33,922,12,212121,"english","circle",1,"square",0,"blue",0,"striped",1,"red",1,"polka-dotted",0,NA,NA,NA,NA,NA,NA,222,222,331,"False",6,14,14,9,NA,0.333,0,NA,0.333,0,0,0.333,NA,0,0,0,0,0,0,0,0,0,0,0,0,0,0,0,0,0,0,NA,NA,NA
"446",506,33,593,13,213212,"english","solid",1,"red",1,"square",1,"blue",0,"striped",1,NA,NA,NA,NA,NA,NA,NA,NA,322,312,311,"True",5,15,12,3,NA,NA,0.25,0.25,0.25,NA,0,0.25,NA,0,0,0,0,0,0,0,0,0,0,0,0,0,0,0,0,0,0,NA,NA,NA
"447",507,33,438,14,321112,"english","polka-dotted",0,"green",0,"cloud",1,"solid",1,"striped",0,"blue",1,NA,NA,NA,NA,NA,NA,123,111,131,"True",6,22,1,7,0.333,NA,NA,0.333,0,0,0.333,NA,0,0,0,0,0,0,0,0,0,0,0,0,0,0,0,0,0,0,0,NA,NA,NA
"448",508,33,1437,15,322111,"english","red",1,"blue",0,"green",0,"polka-dotted",1,"circle",1,"solid",0,NA,NA,NA,NA,NA,NA,233,232,211,"True",6,26,17,2,NA,0.333,NA,0,NA,0.333,0,0.333,0,0,0,0,0,0,0,0,0,0,0,0,0,0,0,0,0,0,0,NA,NA,NA
"449",509,33,1682,16,121212,"english","cloud",1,"striped",1,"green",0,"blue",1,"square",0,"polka-dotted",0,NA,NA,NA,NA,NA,NA,333,121,121,"False",6,27,4,4,0.333,NA,0,NA,0.333,0,0.333,NA,0,0,0,0,0,0,0,0,0,0,0,0,0,0,0,0,0,0,0,NA,NA,NA
"450",510,33,933,17,212121,"english","striped",1,"cloud",1,"solid",0,"blue",0,"green",1,"square",0,NA,NA,NA,NA,NA,NA,123,123,311,"False",6,22,22,3,0.333,NA,0,0,0.333,NA,0,NA,0.333,0,0,0,0,0,0,0,0,0,0,0,0,0,0,0,0,0,0,NA,NA,NA
"451",511,34,931,3,212121,"english","blue",0.75,"solid",0.6,"circle",0.3,"striped",0.6,"red",0.7,"square",0.3,NA,NA,NA,NA,NA,NA,221,221,312,"False",6,5,5,12,NA,0.092,0.092,0.185,0.185,NA,0.231,0.215,NA,0,0,0,0,0,0,0,0,0,0,0,0,0,0,0,0,0,0,NA,NA,NA
"452",512,34,1266,4,111111,"english","polka-dotted",0.8,"circle",0.35,"cloud",0.65,"blue",0.5,"solid",0.3,"red",0.65,"square",0.25,"green",0.8,"striped",0.6,133,221,312,"False",9,25,5,12,0.133,0.071,0.051,0.061,0.122,0.163,0.102,0.133,0.163,0,0,0,0,0,0,0,0,0,0,0,0,0,0,0,0,0,0,NA,NA,NA
"453",513,34,904,5,212121,"english","cloud",0.65,"circle",0.8,"solid",0.35,"green",0.55,"striped",0.7,"red",0.4,NA,NA,NA,NA,NA,NA,223,223,112,"False",6,23,23,10,0.188,0.232,NA,0.101,0.203,NA,NA,0.116,0.159,0,0,0,0,0,0,0,0,0,0,0,0,0,0,0,0,0,0,NA,NA,NA
"454",514,34,93,6,122111,"english","green",0.6,"red",0.85,"cloud",0.25,"blue",0.95,"striped",0.75,"square",0.4,"solid",0.65,NA,NA,NA,NA,313,111,122,"True",7,21,1,13,0.056,NA,0.09,0.146,0.169,NA,0.213,0.191,0.135,0,0,0,0,0,0,0,0,0,0,0,0,0,0,0,0,0,0,NA,NA,NA
"455",515,34,1824,7,122121,"english","blue",0.65,"red",0.8,"circle",0.3,"solid",0.7,"polka-dotted",0.75,"cloud",0.35,NA,NA,NA,NA,NA,NA,212,232,131,"True",6,11,17,7,0.099,0.085,NA,0.197,NA,0.211,0.183,0.225,NA,0,0,0,0,0,0,0,0,0,0,0,0,0,0,0,0,0,0,NA,NA,NA
"456",516,34,1947,8,111212,"english","red",0.7,"green",0.7,"striped",0.25,"cloud",0.75,"solid",0.4,"square",0.75,"circle",0.6,NA,NA,NA,NA,222,113,313,"True",7,14,19,21,0.181,0.145,0.181,0.096,0.06,NA,NA,0.169,0.169,0,0,0,0,0,0,0,0,0,0,0,0,0,0,0,0,0,0,NA,NA,NA
"457",517,34,443,9,321112,"english","cloud",0.7,"striped",0.85,"red",0.2,"circle",0.65,"square",0.65,"blue",0.35,NA,NA,NA,NA,NA,NA,221,322,122,"True",6,5,15,13,0.206,0.191,0.191,NA,0.25,NA,0.103,0.059,NA,0,0,0,0,0,0,0,0,0,0,0,0,0,0,0,0,0,0,NA,NA,NA
"458",518,34,1463,10,123211,"english","striped",0.65,"cloud",0.8,"green",0.25,"square",0.65,"polka-dotted",0.65,"solid",0.3,NA,NA,NA,NA,NA,NA,323,113,133,"True",6,24,19,25,0.242,NA,0.197,0.091,0.197,0.197,NA,NA,0.076,0,0,0,0,0,0,0,0,0,0,0,0,0,0,0,0,0,0,NA,NA,NA
"459",519,34,578,11,213212,"english","polka-dotted",0.6,"solid",0.8,"circle",0.2,"red",0.6,"cloud",0.75,NA,NA,NA,NA,NA,NA,NA,NA,132,112,212,"True",5,16,10,11,0.254,0.068,NA,0.271,NA,0.203,NA,0.203,NA,0,0,0,0,0,0,0,0,0,0,0,0,0,0,0,0,0,0,NA,NA,NA
"460",520,34,662,12,212211,"english","green",0.65,"square",0.9,"solid",0.4,"polka-dotted",0.3,"red",0.7,"blue",0.7,"cloud",0.35,NA,NA,NA,NA,133,111,332,"True",7,25,1,18,0.088,NA,0.225,0.1,NA,0.075,0.175,0.175,0.162,0,0,0,0,0,0,0,0,0,0,0,0,0,0,0,0,0,0,NA,NA,NA
"461",521,34,1295,13,111111,"english","square",0.6,"red",0.85,"circle",0.3,"striped",0.35,"solid",0.75,"green",0.7,"polka-dotted",0.7,"cloud",0.35,"blue",0.7,213,122,331,"False",9,20,13,9,0.066,0.057,0.113,0.142,0.066,0.132,0.132,0.16,0.132,0,0,0,0,0,0,0,0,0,0,0,0,0,0,0,0,0,0,NA,NA,NA
"462",522,34,336,14,213211,"english","cloud",0.7,"striped",0.8,"circle",0.3,"blue",0.55,"polka-dotted",0.7,"square",0.35,NA,NA,NA,NA,NA,NA,221,121,331,"True",6,5,4,9,0.206,0.088,0.103,NA,0.235,0.206,0.162,NA,NA,0,0,0,0,0,0,0,0,0,0,0,0,0,0,0,0,0,0,NA,NA,NA
"463",523,34,818,15,112111,"english","circle",0.65,"blue",0.85,"square",0.35,"green",0.4,"solid",0.7,"cloud",0.6,"polka-dotted",0.4,"red",0.7,NA,NA,212,313,131,"True",8,11,21,7,0.129,0.14,0.075,0.151,NA,0.086,0.183,0.151,0.086,0,0,0,0,0,0,0,0,0,0,0,0,0,0,0,0,0,0,NA,NA,NA
"464",524,34,2101,16,111112,"english","circle",0.65,"polka-dotted",0.75,"solid",0.3,"striped",0.6,"square",0.85,"blue",0.25,"green",0.6,"cloud",0.65,NA,NA,113,321,231,"True",8,19,6,8,0.14,0.14,0.183,0.065,0.129,0.161,0.054,NA,0.129,0,0,0,0,0,0,0,0,0,0,0,0,0,0,0,0,0,0,NA,NA,NA
"465",525,34,1696,17,121212,"english","cloud",0.6,"striped",0.3,"green",0.75,"circle",0.25,"solid",0.75,"red",0.4,NA,NA,NA,NA,NA,NA,122,213,213,"False",6,13,20,20,0.197,0.082,NA,0.246,0.098,NA,NA,0.131,0.246,0,0,0,0,0,0,0,0,0,0,0,0,0,0,0,0,0,0,NA,NA,NA
"466",526,35,1290,3,111111,"English","polka-dotted",1,"square",0,"circle",0,"blue",0,"solid",0,"striped",0,"cloud",0,"green",0,"red",0,223,131,312,"False",9,23,7,12,0,0,0,0,0,1,0,0,0,0,0,0,0,0,0,0,0,0,0,0,0,0,0,0,0,0,0,NA,NA,NA
"467",527,35,930,4,212121,"English","red",1,"blue",0,"solid",0,"polka-dotted",0,"cloud",0,"square",0,NA,NA,NA,NA,NA,NA,331,331,112,"False",6,9,9,10,0,NA,0,0,NA,0,0,1,NA,0,0,0,0,0,0,0,0,0,0,0,0,0,0,0,0,0,0,NA,NA,NA
"468",528,35,937,5,212121,"English","red",1,"square",0,"blue",0,"solid",0,"striped",0,"cloud",0,NA,NA,NA,NA,NA,NA,321,321,112,"False",6,6,6,10,0,NA,0,0,0,NA,0,1,NA,0,0,0,0,0,0,0,0,0,0,0,0,0,0,0,0,0,0,NA,NA,NA
"469",529,35,194,6,323212,"English","square",0,"circle",1,"blue",0,"solid",0,NA,NA,NA,NA,NA,NA,NA,NA,NA,NA,211,311,311,"True",4,2,3,3,NA,1,0,0,NA,NA,0,NA,NA,0,0,0,0,0,0,0,0,0,0,0,0,0,0,0,0,0,0,NA,NA,NA
"470",530,35,1277,7,111111,"English","polka-dotted",0,"cloud",0,"striped",0,"circle",0,"green",0,"blue",0,"solid",0,"red",1,"square",0,331,212,123,"False",9,9,11,22,0,0,0,0,0,0,0,1,0,0,0,0,0,0,0,0,0,0,0,0,0,0,0,0,0,0,0,NA,NA,NA
"471",531,35,1476,8,123211,"English","polka-dotted",1,"square",0,"blue",0,"solid",0,"cloud",0,"striped",0,NA,NA,NA,NA,NA,NA,121,331,311,"True",6,4,9,3,0,NA,0,0,0,1,0,NA,NA,0,0,0,0,0,0,0,0,0,0,0,0,0,0,0,0,0,0,NA,NA,NA
"472",532,35,1187,9,212232,"English","cloud",0,"red",0,"striped",0,"polka-dotted",0,"green",1,NA,NA,NA,NA,NA,NA,NA,NA,122,123,132,"True",5,13,22,16,0,NA,NA,NA,0,0,NA,0,1,0,0,0,0,0,0,0,0,0,0,0,0,0,0,0,0,0,0,NA,NA,NA
"473",533,35,2346,10,123232,"English","polka-dotted",0,"circle",0,"green",0,"cloud",1,NA,NA,NA,NA,NA,NA,NA,NA,NA,NA,133,233,233,"True",4,25,26,26,1,0,NA,NA,NA,0,NA,NA,0,0,0,0,0,0,0,0,0,0,0,0,0,0,0,0,0,0,0,NA,NA,NA
"474",534,35,1263,11,111111,"English","solid",0,"cloud",0,"striped",0,"green",0,"blue",0,"circle",0,"polka-dotted",0,"square",0,"red",1,233,321,112,"False",9,26,6,10,0,0,0,0,0,0,0,1,0,0,0,0,0,0,0,0,0,0,0,0,0,0,0,0,0,0,0,NA,NA,NA
"475",535,35,287,12,212222,"English","striped",0,"blue",1,"circle",0,"solid",0,"cloud",0,"green",0,NA,NA,NA,NA,NA,NA,123,221,113,"True",6,22,5,19,0,0,NA,0,0,NA,1,NA,0,0,0,0,0,0,0,0,0,0,0,0,0,0,0,0,0,0,0,NA,NA,NA
"476",536,35,1920,13,111212,"English","green",0,"solid",0,"red",0,"square",0,"polka-dotted",1,"blue",0,"circle",0,NA,NA,NA,NA,232,311,313,"True",7,17,3,21,NA,0,0,0,NA,1,0,0,0,0,0,0,0,0,0,0,0,0,0,0,0,0,0,0,0,0,0,NA,NA,NA
"477",537,35,176,14,323212,"English","circle",0,"polka-dotted",0,"green",0,"striped",1,NA,NA,NA,NA,NA,NA,NA,NA,NA,NA,223,233,233,"True",4,23,26,26,NA,0,NA,NA,1,0,NA,NA,0,0,0,0,0,0,0,0,0,0,0,0,0,0,0,0,0,0,0,NA,NA,NA
"478",538,35,735,15,212122,"English","cloud",0,"polka-dotted",0,"blue",1,"square",0,"red",0,"solid",0,NA,NA,NA,NA,NA,NA,132,112,331,"True",6,16,10,9,0,NA,0,0,NA,0,1,0,NA,0,0,0,0,0,0,0,0,0,0,0,0,0,0,0,0,0,0,NA,NA,NA
"479",539,35,250,16,212132,"English","square",0,"solid",0,"striped",0,"green",0,"red",1,NA,NA,NA,NA,NA,NA,NA,NA,323,323,312,"True",5,24,24,12,NA,NA,0,0,0,NA,NA,1,0,0,0,0,0,0,0,0,0,0,0,0,0,0,0,0,0,0,0,NA,NA,NA
"480",540,35,2190,17,121111,"English","red",0,"polka-dotted",0,"circle",0,"square",0,"blue",0,"cloud",1,"green",0,"striped",0,NA,NA,123,332,231,"True",8,22,18,8,1,0,0,NA,0,0,0,0,0,0,0,0,0,0,0,0,0,0,0,0,0,0,0,0,0,0,0,NA,NA,NA
"481",541,36,1277,3,111111,"English","cloud",1,"solid",0,"green",1,"square",0,"polka-dotted",0,"blue",0,"red",0,"circle",0,"striped",1,331,212,123,"False",9,9,11,22,0.333,0,0,0,0.333,0,0,0,0.333,0,0,0,0,0,0,0,0,0,0,0,0,0,0,0,0,0,0,NA,NA,NA
"482",542,36,737,4,212122,"English","solid",0,"square",0,"striped",1,"red",0,"green",0,"circle",0,NA,NA,NA,NA,NA,NA,213,223,312,"True",6,20,23,12,NA,0,0,0,1,NA,NA,0,0,0,0,0,0,0,0,0,0,0,0,0,0,0,0,0,0,0,0,NA,NA,NA
"483",543,36,1521,5,322112,"English","striped",0,"solid",1,"square",0,"circle",0,"red",0,NA,NA,NA,NA,NA,NA,NA,NA,312,322,222,"True",5,12,15,14,NA,0,0,1,0,NA,NA,0,NA,0,0,0,0,0,0,0,0,0,0,0,0,0,0,0,0,0,0,NA,NA,NA
"484",544,36,1774,6,322132,"English","polka-dotted",0,"red",0,"solid",1,"cloud",0,NA,NA,NA,NA,NA,NA,NA,NA,NA,NA,132,132,112,"True",4,16,16,10,0,NA,NA,1,NA,0,NA,0,NA,0,0,0,0,0,0,0,0,0,0,0,0,0,0,0,0,0,0,NA,NA,NA
"485",545,36,191,7,323212,"English","solid",1,"striped",0,"circle",0,"blue",0,NA,NA,NA,NA,NA,NA,NA,NA,NA,NA,211,221,221,"True",4,2,5,5,NA,0,NA,1,0,NA,0,NA,NA,0,0,0,0,0,0,0,0,0,0,0,0,0,0,0,0,0,0,NA,NA,NA
"486",546,36,2150,8,111112,"English","cloud",0,"blue",0,"solid",1,"red",0,"circle",0,"green",0,"polka-dotted",0,"square",0,NA,NA,111,332,233,"True",8,1,18,26,0,0,0,1,NA,0,0,0,0,0,0,0,0,0,0,0,0,0,0,0,0,0,0,0,0,0,0,NA,NA,NA
"487",547,36,1081,9,113212,"English","green",0,"striped",1,"red",0,"cloud",0,"solid",0,"blue",0,NA,NA,NA,NA,NA,NA,123,111,112,"True",6,22,1,10,0,NA,NA,0,1,NA,0,0,0,0,0,0,0,0,0,0,0,0,0,0,0,0,0,0,0,0,0,NA,NA,NA
"488",548,36,1875,10,123212,"English","blue",0,"square",0,"circle",0,"polka-dotted",1,"solid",0,NA,NA,NA,NA,NA,NA,NA,NA,231,311,311,"True",5,8,3,3,NA,0,0,0,NA,1,0,NA,NA,0,0,0,0,0,0,0,0,0,0,0,0,0,0,0,0,0,0,NA,NA,NA
"489",549,36,1252,11,111111,"English","circle",0,"striped",0,"green",0,"blue",0,"cloud",0,"polka-dotted",0,"red",0,"square",0,"solid",1,322,133,211,"False",9,15,25,2,0,0,0,1,0,0,0,0,0,0,0,0,0,0,0,0,0,0,0,0,0,0,0,0,0,0,0,NA,NA,NA
"490",550,36,843,12,112111,"English","red",0,"solid",1,"polka-dotted",0,"square",0,"striped",0,"green",0,"circle",0,"cloud",0,NA,NA,112,232,323,"True",8,10,17,24,0,0,0,1,0,0,NA,0,0,0,0,0,0,0,0,0,0,0,0,0,0,0,0,0,0,0,0,NA,NA,NA
"491",551,36,909,13,212121,"English","green",0,"striped",0,"solid",0,"square",0,"red",0,"cloud",1,NA,NA,NA,NA,NA,NA,323,323,112,"False",6,24,24,10,1,NA,0,0,0,NA,NA,0,0,0,0,0,0,0,0,0,0,0,0,0,0,0,0,0,0,0,0,NA,NA,NA
"492",552,36,1906,14,111212,"English","blue",0,"red",0,"striped",0,"square",1,"green",0,"cloud",0,"solid",0,NA,NA,NA,NA,312,123,121,"True",7,12,22,4,0,NA,1,0,0,NA,0,0,0,0,0,0,0,0,0,0,0,0,0,0,0,0,0,0,0,0,0,NA,NA,NA
"493",553,36,1265,15,111111,"English","solid",0,"square",0,"blue",0,"green",0,"polka-dotted",0,"circle",0,"red",0,"cloud",1,"striped",0,321,112,233,"False",9,6,10,26,1,0,0,0,0,0,0,0,0,0,0,0,0,0,0,0,0,0,0,0,0,0,0,0,0,0,0,NA,NA,NA
"494",554,36,1961,16,323232,"English","square",1,"solid",1,"green",1,NA,NA,NA,NA,NA,NA,NA,NA,NA,NA,NA,NA,313,313,313,"False",3,21,21,21,NA,NA,0.333,0.333,NA,NA,NA,NA,0.333,0,0,0,0,0,0,0,0,0,0,0,0,0,0,0,0,0,0,NA,NA,NA
"495",555,36,415,17,321112,"English","square",0,"polka-dotted",0,"solid",0,"circle",0,"red",0,"striped",1,NA,NA,NA,NA,NA,NA,222,332,312,"True",6,14,18,12,NA,0,0,0,1,0,NA,0,NA,0,0,0,0,0,0,0,0,0,0,0,0,0,0,0,0,0,0,NA,NA,NA
"496",556,37,953,3,121112,"English","polka-dotted",0.45,"red",1,"square",0.45,"circle",0.45,"green",0.45,"cloud",0.5,"striped",1,NA,NA,NA,NA,333,122,222,"True",7,27,13,14,0.116,0.105,0.105,NA,0.233,0.105,NA,0.233,0.105,0,0,0,0,0,0,0,0,0,0,0,0,0,0,0,0,0,0,NA,NA,NA
"497",557,37,2218,4,323211,"English","green",0.1,"striped",1,"polka-dotted",1,"circle",0,"solid",1,NA,NA,NA,NA,NA,NA,NA,NA,223,233,213,"True",5,23,26,20,NA,0,NA,0.323,0.323,0.323,NA,NA,0.032,0,0,0,0,0,0,0,0,0,0,0,0,0,0,0,0,0,0,NA,NA,NA
"498",558,37,906,5,212121,"English","red",0.7,"blue",0.15,"striped",0.5,"square",0.85,"circle",0.95,"solid",0.9,NA,NA,NA,NA,NA,NA,312,312,221,"False",6,12,12,5,NA,0.235,0.21,0.222,0.123,NA,0.037,0.173,NA,0,0,0,0,0,0,0,0,0,0,0,0,0,0,0,0,0,0,NA,NA,NA
"499",559,37,1089,6,113212,"English","green",0.7,"square",0.65,"cloud",0.5,"circle",0.5,"polka-dotted",0.85,"solid",0.2,NA,NA,NA,NA,NA,NA,313,233,133,"True",6,21,26,25,0.147,0.147,0.191,0.059,NA,0.25,NA,NA,0.206,0,0,0,0,0,0,0,0,0,0,0,0,0,0,0,0,0,0,NA,NA,NA
"500",560,37,1654,7,121212,"English","cloud",0.5,"polka-dotted",0.65,"blue",0.25,"solid",0.9,"circle",0.85,"green",0.8,NA,NA,NA,NA,NA,NA,131,213,213,"False",6,7,20,20,0.127,0.215,NA,0.228,NA,0.165,0.063,NA,0.203,0,0,0,0,0,0,0,0,0,0,0,0,0,0,0,0,0,0,NA,NA,NA
"501",561,37,561,8,213212,"English","solid",0.8,"red",0.75,"polka-dotted",0.35,"blue",0.6,"square",0.8,NA,NA,NA,NA,NA,NA,NA,NA,311,312,332,"True",5,3,12,18,NA,NA,0.242,0.242,NA,0.106,0.182,0.227,NA,0,0,0,0,0,0,0,0,0,0,0,0,0,0,0,0,0,0,NA,NA,NA
"502",562,37,1298,9,111111,"English","square",0.45,"circle",0.5,"green",0.6,"striped",0.55,"solid",0.65,"blue",0.3,"polka-dotted",0.6,"cloud",0.5,"red",0.6,133,311,222,"False",9,25,3,14,0.105,0.105,0.095,0.137,0.116,0.126,0.063,0.126,0.126,0,0,0,0,0,0,0,0,0,0,0,0,0,0,0,0,0,0,NA,NA,NA
"503",563,37,293,10,212222,"English","blue",0.55,"cloud",0.25,"striped",0.85,"square",0.85,"polka-dotted",0.65,"green",1,NA,NA,NA,NA,NA,NA,323,331,123,"True",6,24,9,22,0.06,NA,0.205,NA,0.205,0.157,0.133,NA,0.241,0,0,0,0,0,0,0,0,0,0,0,0,0,0,0,0,0,0,NA,NA,NA
"504",564,37,1951,11,323232,"English","green",1,"circle",1,"polka-dotted",1,NA,NA,NA,NA,NA,NA,NA,NA,NA,NA,NA,NA,233,233,233,"False",3,26,26,26,NA,0.333,NA,NA,NA,0.333,NA,NA,0.333,0,0,0,0,0,0,0,0,0,0,0,0,0,0,0,0,0,0,NA,NA,NA
"505",565,37,1627,12,211112,"English","solid",0.55,"circle",0.6,"polka-dotted",0.2,"square",0.8,"blue",0.15,"striped",0.5,"red",0.2,NA,NA,NA,NA,332,311,221,"True",7,18,3,5,NA,0.2,0.267,0.183,0.167,0.067,0.05,0.067,NA,0,0,0,0,0,0,0,0,0,0,0,0,0,0,0,0,0,0,NA,NA,NA
"506",566,37,1032,13,212212,"English","circle",0.5,"striped",0.75,"square",0.75,"blue",0.8,"solid",0.25,"green",0.25,NA,NA,NA,NA,NA,NA,221,311,323,"True",6,5,3,24,NA,0.152,0.227,0.076,0.227,NA,0.242,NA,0.076,0,0,0,0,0,0,0,0,0,0,0,0,0,0,0,0,0,0,NA,NA,NA
"507",567,37,466,14,211111,"English","striped",0.65,"circle",0.5,"polka-dotted",0.6,"red",0.7,"solid",0.6,"cloud",0.5,"square",0.55,"blue",0.4,NA,NA,132,212,321,"True",8,16,11,6,0.111,0.111,0.122,0.133,0.144,0.133,0.089,0.156,NA,0,0,0,0,0,0,0,0,0,0,0,0,0,0,0,0,0,0,NA,NA,NA
"508",568,37,1569,15,322121,"English","green",0.3,"red",0.75,"striped",0.75,"cloud",0.4,"square",0.85,NA,NA,NA,NA,NA,NA,NA,NA,322,322,123,"True",5,15,15,22,0.131,NA,0.279,NA,0.246,NA,NA,0.246,0.098,0,0,0,0,0,0,0,0,0,0,0,0,0,0,0,0,0,0,NA,NA,NA
"509",569,37,1286,16,111111,"English","polka-dotted",0.6,"red",0.65,"circle",0.6,"square",0.7,"striped",0.65,"cloud",0.5,"blue",0.8,"solid",0.75,"green",0.6,211,122,333,"False",9,2,13,27,0.085,0.103,0.12,0.128,0.111,0.103,0.137,0.111,0.103,0,0,0,0,0,0,0,0,0,0,0,0,0,0,0,0,0,0,NA,NA,NA
"510",570,37,1449,17,322111,"English","circle",0.6,"square",0.7,"striped",0.75,"polka-dotted",0.8,"red",0.85,"solid",0.9,NA,NA,NA,NA,NA,NA,322,312,232,"True",6,15,12,17,NA,0.13,0.152,0.196,0.163,0.174,NA,0.185,NA,0,0,0,0,0,0,0,0,0,0,0,0,0,0,0,0,0,0,NA,NA,NA
"511",571,38,1116,3,321212,"English","solid",0,"striped",0,"red",0.9,"square",0,"cloud",0.95,NA,NA,NA,NA,NA,NA,NA,NA,312,122,122,"True",5,12,13,13,0.514,NA,0,0,0,NA,NA,0.486,NA,0,0,0,0,0,0,0,0,0,0,0,0,0,0,0,0,0,0,NA,NA,NA
"512",572,38,1325,4,122122,"English","square",1,"striped",0,"circle",0,"red",0,"polka-dotted",1,"blue",1,NA,NA,NA,NA,NA,NA,321,332,231,"True",6,6,18,8,NA,0,0.333,NA,0,0.333,0.333,0,NA,0,0,0,0,0,0,0,0,0,0,0,0,0,0,0,0,0,0,NA,NA,NA
"513",573,38,1667,5,121212,"English","solid",0,"red",0.3,"green",0.15,"striped",0,"circle",0,"square",0.15,NA,NA,NA,NA,NA,NA,222,313,313,"False",6,14,21,21,NA,0,0.25,0,0,NA,NA,0.5,0.25,0,0,0,0,0,0,0,0,0,0,0,0,0,0,0,0,0,0,NA,NA,NA
"514",574,38,1663,6,121212,"English","striped",0,"red",0,"polka-dotted",0,"circle",0,"blue",0,"cloud",1,NA,NA,NA,NA,NA,NA,231,122,122,"False",6,8,13,13,1,0,NA,NA,0,0,0,0,NA,0,0,0,0,0,0,0,0,0,0,0,0,0,0,0,0,0,0,NA,NA,NA
"515",575,38,1131,7,321212,"English","blue",0,"red",0,"solid",0,"striped",0,"circle",1,NA,NA,NA,NA,NA,NA,NA,NA,222,211,211,"True",5,14,2,2,NA,1,NA,0,0,NA,0,0,NA,0,0,0,0,0,0,0,0,0,0,0,0,0,0,0,0,0,0,NA,NA,NA
"516",576,38,2265,8,213232,"English","blue",1,"polka-dotted",1,"cloud",0.5,"circle",0,NA,NA,NA,NA,NA,NA,NA,NA,NA,NA,131,131,231,"True",4,7,7,8,0.2,0,NA,NA,NA,0.4,0.4,NA,NA,0,0,0,0,0,0,0,0,0,0,0,0,0,0,0,0,0,0,NA,NA,NA
"517",577,38,1171,9,212232,"English","cloud",1,"square",0,"polka-dotted",1,"red",1,"blue",0,NA,NA,NA,NA,NA,NA,NA,NA,132,332,131,"True",5,16,18,7,0.333,NA,0,NA,NA,0.333,0,0.333,NA,0,0,0,0,0,0,0,0,0,0,0,0,0,0,0,0,0,0,NA,NA,NA
"518",578,38,2307,10,123232,"English","polka-dotted",0,"red",0.85,"solid",0,"square",1,NA,NA,NA,NA,NA,NA,NA,NA,NA,NA,332,312,312,"True",4,18,12,12,NA,NA,0.541,0,NA,0,NA,0.459,NA,0,0,0,0,0,0,0,0,0,0,0,0,0,0,0,0,0,0,NA,NA,NA
"519",579,38,1979,11,323232,"English","solid",0.1,"green",0.1,"square",0.1,NA,NA,NA,NA,NA,NA,NA,NA,NA,NA,NA,NA,313,313,313,"False",3,21,21,21,NA,NA,0.333,0.333,NA,NA,NA,NA,0.333,0,0,0,0,0,0,0,0,0,0,0,0,0,0,0,0,0,0,NA,NA,NA
"520",580,38,795,12,211212,"English","solid",1,"blue",1,"cloud",1,"polka-dotted",0,"red",0,"circle",0,NA,NA,NA,NA,NA,NA,132,111,211,"True",6,16,1,2,0.333,0,NA,0.333,NA,0,0.333,0,NA,0,0,0,0,0,0,0,0,0,0,0,0,0,0,0,0,0,0,NA,NA,NA
"521",581,38,1957,13,323232,"English","square",0.1,"polka-dotted",0.1,"red",0.1,NA,NA,NA,NA,NA,NA,NA,NA,NA,NA,NA,NA,332,332,332,"False",3,18,18,18,NA,NA,0.333,NA,NA,0.333,NA,0.333,NA,0,0,0,0,0,0,0,0,0,0,0,0,0,0,0,0,0,0,NA,NA,NA
"522",582,38,41,14,122112,"English","striped",1,"cloud",0,"solid",0,"square",1,"red",0,"blue",1,NA,NA,NA,NA,NA,NA,111,321,322,"True",6,1,6,15,0,NA,0.333,0,0.333,NA,0.333,0,NA,0,0,0,0,0,0,0,0,0,0,0,0,0,0,0,0,0,0,NA,NA,NA
"523",583,38,1268,15,111111,"English","polka-dotted",0,"blue",0,"red",0,"solid",0,"square",0,"circle",0.75,"striped",0,"cloud",0,"green",0,111,223,332,"False",9,1,23,18,0,1,0,0,0,0,0,0,0,0,0,0,0,0,0,0,0,0,0,0,0,0,0,0,0,0,0,NA,NA,NA
"524",584,38,325,16,213211,"English","striped",0,"polka-dotted",0,"green",0,"square",1,"blue",1,"solid",0,NA,NA,NA,NA,NA,NA,311,331,323,"True",6,3,9,24,NA,NA,0.5,0,0,0,0.5,NA,0,0,0,0,0,0,0,0,0,0,0,0,0,0,0,0,0,0,0,NA,NA,NA
"525",585,38,592,17,213212,"English","green",0,"circle",1,"polka-dotted",1,"blue",1,"solid",0,NA,NA,NA,NA,NA,NA,NA,NA,211,231,233,"True",5,2,8,26,NA,0.333,NA,0,NA,0.333,0.333,NA,0,0,0,0,0,0,0,0,0,0,0,0,0,0,0,0,0,0,0,NA,NA,NA
"526",586,39,1127,3,321212,"English","striped",0.9,"green",0.85,"circle",0.15,"square",0.1,"blue",0.95,NA,NA,NA,NA,NA,NA,NA,NA,223,321,321,"True",5,23,6,6,NA,0.051,0.034,NA,0.305,NA,0.322,NA,0.288,0,0,0,0,0,0,0,0,0,0,0,0,0,0,0,0,0,0,NA,NA,NA
"527",587,39,1999,4,323232,"English","blue",0.85,"circle",0.85,"solid",0.8,NA,NA,NA,NA,NA,NA,NA,NA,NA,NA,NA,NA,211,211,211,"False",3,2,2,2,NA,0.34,NA,0.32,NA,NA,0.34,NA,NA,0,0,0,0,0,0,0,0,0,0,0,0,0,0,0,0,0,0,NA,NA,NA
"528",588,39,1648,5,211112,"English","square",0.85,"green",0.85,"polka-dotted",0.9,"circle",0.9,"red",0.8,"solid",0.6,"striped",0.65,NA,NA,NA,NA,332,222,213,"True",7,18,14,20,NA,0.162,0.153,0.108,0.117,0.162,NA,0.144,0.153,0,0,0,0,0,0,0,0,0,0,0,0,0,0,0,0,0,0,NA,NA,NA
"529",589,39,1332,6,122122,"English","red",0.8,"circle",0.6,"green",0.8,"cloud",0.6,"polka-dotted",0.7,"striped",0.6,NA,NA,NA,NA,NA,NA,133,122,232,"True",6,25,13,17,0.146,0.146,NA,NA,0.146,0.171,NA,0.195,0.195,0,0,0,0,0,0,0,0,0,0,0,0,0,0,0,0,0,0,NA,NA,NA
"530",590,39,1415,7,322111,"English","cloud",0.9,"solid",0.25,"circle",0.75,"polka-dotted",0.65,"square",0.65,"red",0.7,NA,NA,NA,NA,NA,NA,112,312,232,"True",6,10,12,17,0.231,0.192,0.167,0.064,NA,0.167,NA,0.179,NA,0,0,0,0,0,0,0,0,0,0,0,0,0,0,0,0,0,0,NA,NA,NA
"531",591,39,602,8,112121,"English","solid",0.65,"blue",0.75,"circle",0.9,"square",0.6,"green",0.65,"red",0.45,"polka-dotted",0.6,NA,NA,NA,NA,213,211,332,"True",7,20,2,18,NA,0.196,0.13,0.141,NA,0.13,0.163,0.098,0.141,0,0,0,0,0,0,0,0,0,0,0,0,0,0,0,0,0,0,NA,NA,NA
"532",592,39,845,9,112111,"English","blue",0.6,"green",0.7,"cloud",0.7,"circle",0.4,"polka-dotted",0.35,"striped",0.75,"red",0.9,"square",0.7,NA,NA,322,223,131,"True",8,15,23,7,0.137,0.078,0.137,NA,0.147,0.069,0.118,0.176,0.137,0,0,0,0,0,0,0,0,0,0,0,0,0,0,0,0,0,0,NA,NA,NA
"533",593,39,1930,10,111212,"English","square",0.7,"striped",0.75,"cloud",0.35,"solid",0.55,"red",0.7,"blue",0.65,"circle",0.65,NA,NA,NA,NA,122,211,311,"True",7,13,2,3,0.08,0.149,0.161,0.126,0.172,NA,0.149,0.161,NA,0,0,0,0,0,0,0,0,0,0,0,0,0,0,0,0,0,0,NA,NA,NA
"534",594,39,1493,11,123211,"English","solid",0.7,"striped",0.75,"cloud",0.5,"green",0.55,"polka-dotted",0.7,"square",0.65,NA,NA,NA,NA,NA,NA,113,333,323,"True",6,19,27,24,0.13,NA,0.169,0.182,0.195,0.182,NA,NA,0.143,0,0,0,0,0,0,0,0,0,0,0,0,0,0,0,0,0,0,NA,NA,NA
"535",595,39,195,12,323212,"English","green",0.9,"cloud",0.75,"striped",0.65,"polka-dotted",0.55,NA,NA,NA,NA,NA,NA,NA,NA,NA,NA,133,123,123,"True",4,25,22,22,0.263,NA,NA,NA,0.228,0.193,NA,NA,0.316,0,0,0,0,0,0,0,0,0,0,0,0,0,0,0,0,0,0,NA,NA,NA
"536",596,39,936,13,212121,"English","blue",0.85,"square",0.65,"striped",0.65,"red",0.7,"circle",0.35,"polka-dotted",0.5,NA,NA,NA,NA,NA,NA,332,332,221,"False",6,18,18,5,NA,0.095,0.176,NA,0.176,0.135,0.23,0.189,NA,0,0,0,0,0,0,0,0,0,0,0,0,0,0,0,0,0,0,NA,NA,NA
"537",597,39,1684,14,121212,"English","striped",0.8,"circle",0.65,"square",0.6,"solid",0.65,"green",0.65,"red",0.7,NA,NA,NA,NA,NA,NA,222,313,313,"False",6,14,21,21,NA,0.16,0.148,0.16,0.198,NA,NA,0.173,0.16,0,0,0,0,0,0,0,0,0,0,0,0,0,0,0,0,0,0,NA,NA,NA
"538",598,39,2171,15,121111,"English","circle",0.7,"polka-dotted",0.45,"solid",0.45,"square",0.35,"green",0.65,"striped",0.65,"cloud",0.7,"blue",0.7,NA,NA,311,123,233,"True",8,3,22,26,0.151,0.151,0.075,0.097,0.14,0.097,0.151,NA,0.14,0,0,0,0,0,0,0,0,0,0,0,0,0,0,0,0,0,0,NA,NA,NA
"539",599,39,924,16,212121,"English","cloud",0.7,"polka-dotted",0.35,"blue",0.5,"green",0.75,"circle",0.75,"solid",0.7,NA,NA,NA,NA,NA,NA,211,211,133,"False",6,2,2,25,0.187,0.2,NA,0.187,NA,0.093,0.133,NA,0.2,0,0,0,0,0,0,0,0,0,0,0,0,0,0,0,0,0,0,NA,NA,NA
"540",600,39,1655,17,121212,"English","blue",0.65,"polka-dotted",0.65,"striped",0.4,"cloud",0.5,"red",0.6,"circle",0.65,NA,NA,NA,NA,NA,NA,222,131,131,"False",6,14,7,7,0.145,0.188,NA,NA,0.116,0.188,0.188,0.174,NA,0,0,0,0,0,0,0,0,0,0,0,0,0,0,0,0,0,0,NA,NA,NA
"541",601,40,1514,3,322112,"english","green",0.75,"striped",0.1,"red",0.35,"polka-dotted",0.9,"cloud",1,NA,NA,NA,NA,NA,NA,NA,NA,123,133,132,"True",5,22,25,16,0.323,NA,NA,NA,0.032,0.29,NA,0.113,0.242,0,0,0,0,0,0,0,0,0,0,0,0,0,0,0,0,0,0,NA,NA,NA
"542",602,40,1968,4,323232,"english","square",1,"green",1,"striped",1,NA,NA,NA,NA,NA,NA,NA,NA,NA,NA,NA,NA,323,323,323,"False",3,24,24,24,NA,NA,0.333,NA,0.333,NA,NA,NA,0.333,0,0,0,0,0,0,0,0,0,0,0,0,0,0,0,0,0,0,NA,NA,NA
"543",603,40,23,5,122112,"english","polka-dotted",0.2,"striped",0.85,"circle",0.25,"green",0.8,"blue",0.1,"cloud",0.65,NA,NA,NA,NA,NA,NA,131,123,223,"True",6,7,22,23,0.228,0.088,NA,NA,0.298,0.07,0.035,NA,0.281,0,0,0,0,0,0,0,0,0,0,0,0,0,0,0,0,0,0,NA,NA,NA
"544",604,40,802,6,112111,"english","green",0.5,"cloud",0.5,"polka-dotted",0.55,"blue",0.55,"red",0.35,"striped",0.5,"circle",0.35,"square",0.55,NA,NA,133,331,222,"True",8,25,9,14,0.13,0.091,0.143,NA,0.13,0.143,0.143,0.091,0.13,0,0,0,0,0,0,0,0,0,0,0,0,0,0,0,0,0,0,NA,NA,NA
"545",605,40,2125,7,111112,"english","square",0.4,"cloud",0.7,"green",0.6,"blue",0.55,"striped",0.4,"polka-dotted",0.45,"solid",0.6,"circle",0.6,NA,NA,223,111,331,"True",8,23,1,9,0.163,0.14,0.093,0.14,0.093,0.105,0.128,NA,0.14,0,0,0,0,0,0,0,0,0,0,0,0,0,0,0,0,0,0,NA,NA,NA
"546",606,40,158,8,323212,"english","solid",1,"green",0.95,"square",0.8,"circle",0.6,NA,NA,NA,NA,NA,NA,NA,NA,NA,NA,213,313,313,"True",4,20,21,21,NA,0.179,0.239,0.299,NA,NA,NA,NA,0.284,0,0,0,0,0,0,0,0,0,0,0,0,0,0,0,0,0,0,NA,NA,NA
"547",607,40,2164,9,121111,"english","cloud",0.4,"square",0.6,"polka-dotted",0.35,"solid",0.45,"striped",0.5,"blue",0.55,"green",0.6,"red",0.5,NA,NA,133,321,312,"True",8,25,6,12,0.101,NA,0.152,0.114,0.127,0.089,0.139,0.127,0.152,0,0,0,0,0,0,0,0,0,0,0,0,0,0,0,0,0,0,NA,NA,NA
"548",608,40,1985,10,323232,"english","blue",1,"solid",1,"cloud",1,NA,NA,NA,NA,NA,NA,NA,NA,NA,NA,NA,NA,111,111,111,"False",3,1,1,1,0.333,NA,NA,0.333,NA,NA,0.333,NA,NA,0,0,0,0,0,0,0,0,0,0,0,0,0,0,0,0,0,0,NA,NA,NA
"549",609,40,1115,11,321212,"english","square",0.6,"polka-dotted",0.8,"cloud",0.85,"striped",0.55,"blue",1,NA,NA,NA,NA,NA,NA,NA,NA,321,131,131,"True",5,6,7,7,0.224,NA,0.158,NA,0.145,0.211,0.263,NA,NA,0,0,0,0,0,0,0,0,0,0,0,0,0,0,0,0,0,0,NA,NA,NA
"550",610,40,1254,12,111111,"english","polka-dotted",0.45,"blue",0.7,"solid",0.6,"square",0.5,"red",0.55,"striped",0.6,"circle",0.6,"cloud",0.45,"green",0.45,312,131,223,"False",9,12,7,23,0.092,0.122,0.102,0.122,0.122,0.092,0.143,0.112,0.092,0,0,0,0,0,0,0,0,0,0,0,0,0,0,0,0,0,0,NA,NA,NA
"551",611,40,1668,13,121212,"english","cloud",0.25,"green",0.4,"striped",0.25,"blue",0.75,"solid",0.7,"circle",0.65,NA,NA,NA,NA,NA,NA,123,211,211,"False",6,22,2,2,0.083,0.217,NA,0.233,0.083,NA,0.25,NA,0.133,0,0,0,0,0,0,0,0,0,0,0,0,0,0,0,0,0,0,NA,NA,NA
"552",612,40,2112,14,111112,"english","square",0.6,"circle",0.55,"green",0.35,"red",0.6,"solid",0.5,"cloud",0.5,"blue",0.35,"polka-dotted",0.85,NA,NA,213,332,131,"True",8,20,18,7,0.116,0.128,0.14,0.116,NA,0.198,0.081,0.14,0.081,0,0,0,0,0,0,0,0,0,0,0,0,0,0,0,0,0,0,NA,NA,NA
"553",613,40,274,15,212222,"english","green",0.8,"blue",0.3,"polka-dotted",0.85,"striped",0.35,"circle",0.5,"square",0.7,NA,NA,NA,NA,NA,NA,333,231,323,"True",6,27,8,24,NA,0.143,0.2,NA,0.1,0.243,0.086,NA,0.229,0,0,0,0,0,0,0,0,0,0,0,0,0,0,0,0,0,0,NA,NA,NA
"554",614,40,578,16,213212,"english","cloud",0.9,"solid",0.8,"circle",0.45,"polka-dotted",0.35,"red",1,NA,NA,NA,NA,NA,NA,NA,NA,132,112,212,"True",5,16,10,11,0.257,0.129,NA,0.229,NA,0.1,NA,0.286,NA,0,0,0,0,0,0,0,0,0,0,0,0,0,0,0,0,0,0,NA,NA,NA
"555",615,40,1271,17,111111,"english","solid",0.4,"green",0.45,"red",0.3,"cloud",0.55,"square",0.5,"circle",0.35,"blue",0.5,"striped",0.3,"polka-dotted",0.45,122,311,233,"False",9,13,3,26,0.145,0.092,0.132,0.105,0.079,0.118,0.132,0.079,0.118,0,0,0,0,0,0,0,0,0,0,0,0,0,0,0,0,0,0,NA,NA,NA
"556",631,42,513,3,112132,"English","circle",1,"blue",1,"green",1,"red",1,"striped",0,"cloud",1,NA,NA,NA,NA,NA,NA,222,221,123,"True",6,14,5,22,0.2,0.2,NA,NA,0,NA,0.2,0.2,0.2,0,0,0,0,0,0,0,0,0,0,0,0,0,0,0,0,0,0,NA,NA,NA
"557",632,42,1658,4,121212,"English","cloud",0,"polka-dotted",1,"red",0,"circle",0,"blue",1,"striped",0,NA,NA,NA,NA,NA,NA,131,222,222,"False",6,7,14,14,0,0,NA,NA,0,0.5,0.5,0,NA,0,0,0,0,0,0,0,0,0,0,0,0,0,0,0,0,0,0,NA,NA,NA
"558",633,42,1030,5,212212,"English","square",1,"striped",0,"red",1,"green",0,"solid",1,"cloud",0,NA,NA,NA,NA,NA,NA,323,113,122,"True",6,24,19,13,0,NA,0.333,0.333,0,NA,NA,0.333,0,0,0,0,0,0,0,0,0,0,0,0,0,0,0,0,0,0,0,NA,NA,NA
"559",634,42,1986,6,323232,"English","polka-dotted",1,"cloud",1,"red",1,NA,NA,NA,NA,NA,NA,NA,NA,NA,NA,NA,NA,132,132,132,"False",3,16,16,16,0.333,NA,NA,NA,NA,0.333,NA,0.333,NA,0,0,0,0,0,0,0,0,0,0,0,0,0,0,0,0,0,0,NA,NA,NA
"560",635,42,1988,7,323232,"English","square",1,"striped",1,"blue",1,NA,NA,NA,NA,NA,NA,NA,NA,NA,NA,NA,NA,321,321,321,"False",3,6,6,6,NA,NA,0.333,NA,0.333,NA,0.333,NA,NA,0,0,0,0,0,0,0,0,0,0,0,0,0,0,0,0,0,0,NA,NA,NA
"561",636,42,1657,8,121212,"English","green",0,"polka-dotted",0,"solid",1,"circle",0,"red",1,"cloud",1,NA,NA,NA,NA,NA,NA,112,233,233,"False",6,10,26,26,0.333,0,NA,0.333,NA,0,NA,0.333,0,0,0,0,0,0,0,0,0,0,0,0,0,0,0,0,0,0,0,NA,NA,NA
"562",637,42,1567,9,322121,"English","green",0,"striped",1,"cloud",0,"polka-dotted",0,"square",1,NA,NA,NA,NA,NA,NA,NA,NA,133,133,323,"True",5,25,25,24,0,NA,0.5,NA,0.5,0,NA,NA,0,0,0,0,0,0,0,0,0,0,0,0,0,0,0,0,0,0,0,NA,NA,NA
"563",638,42,807,10,112111,"English","solid",1,"circle",1,"blue",1,"red",1,"striped",0,"green",1,"square",1,"cloud",1,NA,NA,223,322,111,"True",8,23,15,1,0.143,0.143,0.143,0.143,0,NA,0.143,0.143,0.143,0,0,0,0,0,0,0,0,0,0,0,0,0,0,0,0,0,0,NA,NA,NA
"564",639,42,887,11,112122,"English","cloud",1,"red",1,"polka-dotted",1,"green",1,"circle",0,"blue",1,"striped",0,NA,NA,NA,NA,223,231,122,"True",7,23,8,13,0.2,0,NA,NA,0,0.2,0.2,0.2,0.2,0,0,0,0,0,0,0,0,0,0,0,0,0,0,0,0,0,0,NA,NA,NA
"565",640,42,1264,12,111111,"English","green",1,"solid",1,"circle",1,"square",1,"striped",1,"polka-dotted",1,"blue",1,"red",1,"cloud",1,133,312,221,"False",9,25,12,5,0.111,0.111,0.111,0.111,0.111,0.111,0.111,0.111,0.111,0,0,0,0,0,0,0,0,0,0,0,0,0,0,0,0,0,0,NA,NA,NA
"566",641,42,970,13,121112,"English","red",0,"polka-dotted",0,"cloud",1,"square",1,"striped",1,"green",1,"circle",1,NA,NA,NA,NA,123,332,232,"True",7,22,18,17,0.2,0.2,0.2,NA,0.2,0,NA,0,0.2,0,0,0,0,0,0,0,0,0,0,0,0,0,0,0,0,0,0,NA,NA,NA
"567",642,42,2297,14,213232,"English","green",0,"square",0,"polka-dotted",1,"solid",0,NA,NA,NA,NA,NA,NA,NA,NA,NA,NA,313,313,333,"True",4,21,21,27,NA,NA,0,0,NA,1,NA,NA,0,0,0,0,0,0,0,0,0,0,0,0,0,0,0,0,0,0,0,NA,NA,NA
"568",643,42,2349,15,123232,"English","solid",0,"green",0,"circle",0,"square",1,NA,NA,NA,NA,NA,NA,NA,NA,NA,NA,313,213,213,"True",4,21,20,20,NA,0,1,0,NA,NA,NA,NA,0,0,0,0,0,0,0,0,0,0,0,0,0,0,0,0,0,0,0,NA,NA,NA
"569",644,42,2145,16,111112,"English","circle",1,"red",1,"cloud",0,"blue",1,"striped",1,"solid",1,"green",1,"polka-dotted",1,NA,NA,213,132,121,"True",8,20,16,4,0,0.143,NA,0.143,0.143,0.143,0.143,0.143,0.143,0,0,0,0,0,0,0,0,0,0,0,0,0,0,0,0,0,0,NA,NA,NA
"570",645,42,443,17,321112,"English","striped",0,"blue",1,"circle",1,"cloud",1,"square",1,"red",0,NA,NA,NA,NA,NA,NA,221,322,122,"True",6,5,15,13,0.25,0.25,0.25,NA,0,NA,0.25,0,NA,0,0,0,0,0,0,0,0,0,0,0,0,0,0,0,0,0,0,NA,NA,NA
"571",646,43,1253,3,111111,"English","striped",0,"cloud",0.05,"blue",0.1,"solid",0.05,"green",0.05,"red",0.1,"circle",0.05,"square",0,"polka-dotted",0.9,322,211,133,"False",9,15,2,25,0.038,0.038,0,0.038,0,0.692,0.077,0.077,0.038,0,0,0,0,0,0,0,0,0,0,0,0,0,0,0,0,0,0,NA,NA,NA
"572",647,43,1289,4,111111,"English","square",1,"solid",0,"polka-dotted",0,"green",0.05,"blue",0.05,"cloud",0.1,"red",0.05,"circle",0.05,"striped",0.05,133,211,322,"False",9,25,2,15,0.074,0.037,0.741,0,0.037,0,0.037,0.037,0.037,0,0,0,0,0,0,0,0,0,0,0,0,0,0,0,0,0,0,NA,NA,NA
"573",648,43,952,5,121112,"English","solid",0.05,"blue",0.05,"striped",0.05,"red",0.05,"green",0.95,"square",0.05,"cloud",0.05,NA,NA,NA,NA,313,122,121,"True",7,21,13,4,0.04,NA,0.04,0.04,0.04,NA,0.04,0.04,0.76,0,0,0,0,0,0,0,0,0,0,0,0,0,0,0,0,0,0,NA,NA,NA
"574",649,43,245,6,212132,"English","cloud",0,"square",0,"blue",0.05,"striped",1,"polka-dotted",0.05,NA,NA,NA,NA,NA,NA,NA,NA,131,131,321,"True",5,7,7,6,0,NA,0,NA,0.909,0.045,0.045,NA,NA,0,0,0,0,0,0,0,0,0,0,0,0,0,0,0,0,0,0,NA,NA,NA
"575",650,43,1698,7,121212,"English","circle",0,"green",0.05,"solid",0.05,"cloud",1,"red",0,"polka-dotted",0.05,NA,NA,NA,NA,NA,NA,133,212,212,"False",6,25,11,11,0.87,0,NA,0.043,NA,0.043,NA,0,0.043,0,0,0,0,0,0,0,0,0,0,0,0,0,0,0,0,0,0,NA,NA,NA
"576",651,43,2033,8,322122,"English","solid",0.1,"green",0.95,"square",0,"polka-dotted",0,"red",0.1,NA,NA,NA,NA,NA,NA,NA,NA,332,333,312,"True",5,18,27,12,NA,NA,0,0.087,NA,0,NA,0.087,0.826,0,0,0,0,0,0,0,0,0,0,0,0,0,0,0,0,0,0,NA,NA,NA
"577",652,43,1687,9,121212,"English","polka-dotted",0,"cloud",0.95,"solid",0.05,"green",0,"circle",0,"blue",0,NA,NA,NA,NA,NA,NA,131,213,213,"False",6,7,20,20,0.95,0,NA,0.05,NA,0,0,NA,0,0,0,0,0,0,0,0,0,0,0,0,0,0,0,0,0,0,0,NA,NA,NA
"578",653,43,482,10,211111,"English","cloud",0,"solid",0.05,"green",0.85,"circle",0,"blue",0.05,"square",0,"striped",0.05,"polka-dotted",0.05,NA,NA,121,331,213,"True",8,4,9,20,0,0,0,0.048,0.048,0.048,0.048,NA,0.81,0,0,0,0,0,0,0,0,0,0,0,0,0,0,0,0,0,0,NA,NA,NA
"579",654,43,1914,11,111212,"English","polka-dotted",0.05,"square",0,"circle",0.95,"blue",0,"green",0,"striped",0.05,"red",0.05,NA,NA,NA,NA,223,331,332,"True",7,23,9,18,NA,0.864,0,NA,0.045,0.045,0,0.045,0,0,0,0,0,0,0,0,0,0,0,0,0,0,0,0,0,0,0,NA,NA,NA
"580",655,43,1424,12,322111,"English","polka-dotted",0,"striped",0.05,"cloud",0,"square",0.9,"green",0.05,"solid",0.05,NA,NA,NA,NA,NA,NA,123,133,313,"True",6,22,25,21,0,NA,0.857,0.048,0.048,0,NA,NA,0.048,0,0,0,0,0,0,0,0,0,0,0,0,0,0,0,0,0,0,NA,NA,NA
"581",656,43,513,13,112132,"English","striped",0.05,"red",1,"blue",0.05,"cloud",0.1,"circle",0.1,"green",0.05,NA,NA,NA,NA,NA,NA,222,221,123,"True",6,14,5,22,0.074,0.074,NA,NA,0.037,NA,0.037,0.741,0.037,0,0,0,0,0,0,0,0,0,0,0,0,0,0,0,0,0,0,NA,NA,NA
"582",657,43,804,14,112111,"English","striped",1,"red",0.05,"cloud",0.05,"circle",0.05,"solid",0.05,"square",0.05,"polka-dotted",0.05,"blue",0.05,NA,NA,122,332,211,"True",8,13,18,2,0.037,0.037,0.037,0.037,0.741,0.037,0.037,0.037,NA,0,0,0,0,0,0,0,0,0,0,0,0,0,0,0,0,0,0,NA,NA,NA
"583",658,43,365,15,122132,"English","polka-dotted",0,"square",0,"green",0.05,"circle",1,"solid",0.1,NA,NA,NA,NA,NA,NA,NA,NA,313,333,233,"True",5,21,27,26,NA,0.87,0,0.087,NA,0,NA,NA,0.043,0,0,0,0,0,0,0,0,0,0,0,0,0,0,0,0,0,0,NA,NA,NA
"584",659,43,1259,16,111111,"English","solid",0.1,"square",0,"striped",0.1,"blue",0.05,"circle",0,"polka-dotted",0,"red",0,"cloud",1,"green",0.05,221,112,333,"False",9,5,10,27,0.769,0,0,0.077,0.077,0,0.038,0,0.038,0,0,0,0,0,0,0,0,0,0,0,0,0,0,0,0,0,0,NA,NA,NA
"585",660,43,1891,17,123212,"English","square",0.85,"circle",0.05,"green",0.05,"solid",0.05,"blue",0.05,NA,NA,NA,NA,NA,NA,NA,NA,313,211,211,"True",5,21,2,2,NA,0.048,0.81,0.048,NA,NA,0.048,NA,0.048,0,0,0,0,0,0,0,0,0,0,0,0,0,0,0,0,0,0,NA,NA,NA
"586",661,44,498,3,211111,"english","striped",1,"blue",0.3,"green",0.9,"polka-dotted",0.1,"circle",0,"red",0,"cloud",0.55,"square",0.95,NA,NA,221,323,132,"True",8,5,24,16,0.145,0,0.25,NA,0.263,0.026,0.079,0,0.237,0,0,0,0,0,0,0,0,0,0,0,0,0,0,0,0,0,0,NA,NA,NA
"587",662,44,1066,4,113212,"english","solid",0.15,"green",0.45,"blue",0,"red",1,"striped",0,"cloud",0,NA,NA,NA,NA,NA,NA,113,122,121,"True",6,19,13,4,0,NA,NA,0.094,0,NA,0,0.625,0.281,0,0,0,0,0,0,0,0,0,0,0,0,0,0,0,0,0,0,NA,NA,NA
"588",663,44,1980,5,323232,"english","cloud",0.45,"solid",0.5,"blue",0.5,NA,NA,NA,NA,NA,NA,NA,NA,NA,NA,NA,NA,111,111,111,"False",3,1,1,1,0.31,NA,NA,0.345,NA,NA,0.345,NA,NA,0,0,0,0,0,0,0,0,0,0,0,0,0,0,0,0,0,0,NA,NA,NA
"589",664,44,2355,6,113232,"english","polka-dotted",0.5,"red",1,"blue",0.35,"circle",0.5,"green",0,NA,NA,NA,NA,NA,NA,NA,NA,233,232,231,"True",5,26,17,8,NA,0.213,NA,NA,NA,0.213,0.149,0.426,0,0,0,0,0,0,0,0,0,0,0,0,0,0,0,0,0,0,0,NA,NA,NA
"590",665,44,1992,7,323232,"english","circle",0.5,"polka-dotted",0.5,"blue",0.5,NA,NA,NA,NA,NA,NA,NA,NA,NA,NA,NA,NA,231,231,231,"False",3,8,8,8,NA,0.333,NA,NA,NA,0.333,0.333,NA,NA,0,0,0,0,0,0,0,0,0,0,0,0,0,0,0,0,0,0,NA,NA,NA
"591",666,44,1657,8,121212,"english","cloud",0.5,"circle",0.5,"solid",0.5,"polka-dotted",0.2,"red",0.5,"green",0.3,NA,NA,NA,NA,NA,NA,112,233,233,"False",6,10,26,26,0.2,0.2,NA,0.2,NA,0.08,NA,0.2,0.12,0,0,0,0,0,0,0,0,0,0,0,0,0,0,0,0,0,0,NA,NA,NA
"592",667,44,1976,9,323232,"english","square",0.5,"blue",0.5,"polka-dotted",0.55,NA,NA,NA,NA,NA,NA,NA,NA,NA,NA,NA,NA,331,331,331,"False",3,9,9,9,NA,NA,0.323,NA,NA,0.355,0.323,NA,NA,0,0,0,0,0,0,0,0,0,0,0,0,0,0,0,0,0,0,NA,NA,NA
"593",668,44,1547,10,322112,"english","striped",0.25,"green",0.5,"cloud",0.5,"circle",0.4,"polka-dotted",0.5,NA,NA,NA,NA,NA,NA,NA,NA,233,223,123,"True",5,26,23,22,0.233,0.186,NA,NA,0.116,0.233,NA,NA,0.233,0,0,0,0,0,0,0,0,0,0,0,0,0,0,0,0,0,0,NA,NA,NA
"594",669,44,1753,11,322132,"english","cloud",0.5,"red",0.7,"solid",0.5,"green",0,NA,NA,NA,NA,NA,NA,NA,NA,NA,NA,112,112,113,"True",4,10,10,19,0.294,NA,NA,0.294,NA,NA,NA,0.412,0,0,0,0,0,0,0,0,0,0,0,0,0,0,0,0,0,0,0,NA,NA,NA
"595",670,44,668,12,212211,"english","solid",0.5,"polka-dotted",0.5,"green",1,"striped",0.7,"blue",0.5,"square",0,"cloud",0.5,NA,NA,NA,NA,311,131,323,"True",7,3,7,24,0.135,NA,0,0.135,0.189,0.135,0.135,NA,0.27,0,0,0,0,0,0,0,0,0,0,0,0,0,0,0,0,0,0,NA,NA,NA
"596",671,44,346,13,213211,"english","polka-dotted",0.5,"square",1,"circle",0.95,"green",1,"red",0,"cloud",0.05,NA,NA,NA,NA,NA,NA,233,333,132,"True",6,26,27,16,0.014,0.271,0.286,NA,NA,0.143,NA,0,0.286,0,0,0,0,0,0,0,0,0,0,0,0,0,0,0,0,0,0,NA,NA,NA
"597",672,44,2311,14,123232,"english","cloud",0.5,"polka-dotted",0.1,"green",0.05,"circle",1,NA,NA,NA,NA,NA,NA,NA,NA,NA,NA,133,233,233,"True",4,25,26,26,0.303,0.606,NA,NA,NA,0.061,NA,NA,0.03,0,0,0,0,0,0,0,0,0,0,0,0,0,0,0,0,0,0,NA,NA,NA
"598",673,44,2035,15,322122,"english","solid",0.5,"blue",1,"square",0.3,"circle",0.5,"striped",0,NA,NA,NA,NA,NA,NA,NA,NA,311,321,211,"True",5,3,6,2,NA,0.217,0.13,0.217,0,NA,0.435,NA,NA,0,0,0,0,0,0,0,0,0,0,0,0,0,0,0,0,0,0,NA,NA,NA
"599",674,44,935,16,212121,"english","solid",0.5,"green",0,"polka-dotted",0.5,"cloud",0.5,"red",0.95,"circle",0.95,NA,NA,NA,NA,NA,NA,133,133,212,"False",6,25,25,11,0.147,0.279,NA,0.147,NA,0.147,NA,0.279,0,0,0,0,0,0,0,0,0,0,0,0,0,0,0,0,0,0,0,NA,NA,NA
"600",675,44,348,17,213211,"english","striped",0.15,"solid",0.5,"green",0.5,"cloud",0.8,"blue",0,"red",1,NA,NA,NA,NA,NA,NA,112,113,121,"True",6,10,19,4,0.271,NA,NA,0.169,0.051,NA,0,0.339,0.169,0,0,0,0,0,0,0,0,0,0,0,0,0,0,0,0,0,0,NA,NA,NA
"601",676,45,2222,3,323211,"English","striped",0.8,"polka-dotted",0.8,"square",0,"green",0,"solid",0.95,NA,NA,NA,NA,NA,NA,NA,NA,323,333,313,"True",5,24,27,21,NA,NA,0,0.373,0.314,0.314,NA,NA,0,0,0,0,0,0,0,0,0,0,0,0,0,0,0,0,0,0,0,NA,NA,NA
"602",677,45,910,4,212121,"English","circle",1,"red",0.75,"solid",0.75,"polka-dotted",0.95,"square",0.75,"blue",1,NA,NA,NA,NA,NA,NA,312,312,231,"False",6,12,12,8,NA,0.192,0.144,0.144,NA,0.183,0.192,0.144,NA,0,0,0,0,0,0,0,0,0,0,0,0,0,0,0,0,0,0,NA,NA,NA
"603",678,45,1953,5,323232,"English","square",0,"striped",0,"green",0,NA,NA,NA,NA,NA,NA,NA,NA,NA,NA,NA,NA,323,323,323,"False",3,24,24,24,NA,NA,0.333,NA,0.333,NA,NA,NA,0.333,0,0,0,0,0,0,0,0,0,0,0,0,0,0,0,0,0,0,NA,NA,NA
"604",679,45,1680,6,121212,"English","cloud",0.75,"polka-dotted",1,"square",1,"red",0.95,"green",0.7,"striped",0.7,NA,NA,NA,NA,NA,NA,332,123,123,"False",6,18,22,22,0.147,NA,0.196,NA,0.137,0.196,NA,0.186,0.137,0,0,0,0,0,0,0,0,0,0,0,0,0,0,0,0,0,0,NA,NA,NA
"605",680,45,438,7,321112,"English","blue",0.75,"solid",1,"polka-dotted",0.95,"striped",0.95,"green",1,"cloud",0,NA,NA,NA,NA,NA,NA,123,111,131,"True",6,22,1,7,0,NA,NA,0.215,0.204,0.204,0.161,NA,0.215,0,0,0,0,0,0,0,0,0,0,0,0,0,0,0,0,0,0,NA,NA,NA
"606",681,45,1663,8,121212,"English","blue",1,"circle",1,"polka-dotted",1,"red",0.7,"striped",0.7,"cloud",0.7,NA,NA,NA,NA,NA,NA,231,122,122,"False",6,8,13,13,0.137,0.196,NA,NA,0.137,0.196,0.196,0.137,NA,0,0,0,0,0,0,0,0,0,0,0,0,0,0,0,0,0,0,NA,NA,NA
"607",682,45,1057,9,113212,"English","circle",1,"square",1,"blue",0,"striped",1,"solid",0.75,"cloud",1,NA,NA,NA,NA,NA,NA,221,311,111,"True",6,5,3,1,0.211,0.211,0.211,0.158,0.211,NA,0,NA,NA,0,0,0,0,0,0,0,0,0,0,0,0,0,0,0,0,0,0,NA,NA,NA
"608",683,45,519,10,112132,"English","circle",0.7,"polka-dotted",0.95,"striped",1,"solid",1,"green",0,"cloud",1,NA,NA,NA,NA,NA,NA,213,223,133,"True",6,20,23,25,0.215,0.151,NA,0.215,0.215,0.204,NA,NA,0,0,0,0,0,0,0,0,0,0,0,0,0,0,0,0,0,0,0,NA,NA,NA
"609",684,45,696,11,212211,"English","square",1,"blue",1,"solid",1,"circle",1,"cloud",1,"polka-dotted",0.75,"red",0.75,NA,NA,NA,NA,332,231,112,"True",7,18,8,10,0.154,0.154,0.154,0.154,NA,0.115,0.154,0.115,NA,0,0,0,0,0,0,0,0,0,0,0,0,0,0,0,0,0,0,NA,NA,NA
"610",685,45,1963,12,323232,"English","solid",0,"square",0,"red",0,NA,NA,NA,NA,NA,NA,NA,NA,NA,NA,NA,NA,312,312,312,"False",3,12,12,12,NA,NA,0.333,0.333,NA,NA,NA,0.333,NA,0,0,0,0,0,0,0,0,0,0,0,0,0,0,0,0,0,0,NA,NA,NA
"611",686,45,1007,13,212212,"English","square",0.7,"polka-dotted",1,"red",0.7,"striped",0.7,"green",1,"cloud",1,NA,NA,NA,NA,NA,NA,332,323,122,"True",6,18,24,13,0.196,NA,0.137,NA,0.137,0.196,NA,0.137,0.196,0,0,0,0,0,0,0,0,0,0,0,0,0,0,0,0,0,0,NA,NA,NA
"612",687,45,1643,14,211112,"English","green",0.7,"striped",0.7,"circle",1,"red",1,"polka-dotted",1,"square",1,"cloud",1,NA,NA,NA,NA,222,323,133,"True",7,14,24,25,0.156,0.156,0.156,NA,0.109,0.156,NA,0.156,0.109,0,0,0,0,0,0,0,0,0,0,0,0,0,0,0,0,0,0,NA,NA,NA
"613",688,45,238,15,212132,"English","polka-dotted",0.7,"striped",1,"green",1,"square",0,"blue",0.7,NA,NA,NA,NA,NA,NA,NA,NA,331,331,323,"True",5,9,9,24,NA,NA,0,NA,0.294,0.206,0.206,NA,0.294,0,0,0,0,0,0,0,0,0,0,0,0,0,0,0,0,0,0,NA,NA,NA
"614",689,45,1858,16,123212,"English","square",1,"blue",0.7,"green",0.95,"cloud",0.65,"striped",0,NA,NA,NA,NA,NA,NA,NA,NA,323,121,121,"True",5,24,4,4,0.197,NA,0.303,NA,0,NA,0.212,NA,0.288,0,0,0,0,0,0,0,0,0,0,0,0,0,0,0,0,0,0,NA,NA,NA
"615",690,45,1161,17,212232,"English","blue",1,"cloud",1,"square",0.7,"red",0.7,"solid",0,NA,NA,NA,NA,NA,NA,NA,NA,312,311,112,"True",5,12,3,10,0.294,NA,0.206,0,NA,NA,0.294,0.206,NA,0,0,0,0,0,0,0,0,0,0,0,0,0,0,0,0,0,0,NA,NA,NA
"616",691,46,329,3,213211,"English","circle",0,"cloud",0,"red",1,"striped",0,"polka-dotted",0,"solid",0,NA,NA,NA,NA,NA,NA,212,232,122,"True",6,11,17,13,0,0,NA,0,0,0,NA,1,NA,0,0,0,0,0,0,0,0,0,0,0,0,0,0,0,0,0,0,NA,NA,NA
"617",692,46,209,4,212132,"English","green",0,"red",0,"cloud",1,"solid",0,"striped",0,NA,NA,NA,NA,NA,NA,NA,NA,122,122,113,"True",5,13,13,19,1,NA,NA,0,0,NA,NA,0,0,0,0,0,0,0,0,0,0,0,0,0,0,0,0,0,0,0,0,NA,NA,NA
"618",693,46,1960,5,323232,"English","striped",1,"circle",1,"green",1,NA,NA,NA,NA,NA,NA,NA,NA,NA,NA,NA,NA,223,223,223,"False",3,23,23,23,NA,0.333,NA,NA,0.333,NA,NA,NA,0.333,0,0,0,0,0,0,0,0,0,0,0,0,0,0,0,0,0,0,NA,NA,NA
"619",694,46,1310,6,122122,"English","striped",1,"cloud",1,"square",0,"solid",0,"blue",0,"red",0,NA,NA,NA,NA,NA,NA,111,122,321,"True",6,1,13,6,0.5,NA,0,0,0.5,NA,0,0,NA,0,0,0,0,0,0,0,0,0,0,0,0,0,0,0,0,0,0,NA,NA,NA
"620",695,46,2098,7,321111,"English","green",0,"square",0,"red",0,"circle",0,"blue",0,"solid",1,"cloud",0,NA,NA,NA,NA,211,312,113,"True",7,2,12,19,0,0,0,1,NA,NA,0,0,0,0,0,0,0,0,0,0,0,0,0,0,0,0,0,0,0,0,0,NA,NA,NA
"621",696,46,55,8,122111,"English","circle",0.7,"cloud",0,"polka-dotted",0,"solid",0.7,"green",0,"blue",0,"red",0,NA,NA,NA,NA,112,211,233,"True",7,10,2,26,0,0.5,NA,0.5,NA,0,0,0,0,0,0,0,0,0,0,0,0,0,0,0,0,0,0,0,0,0,0,NA,NA,NA
"622",697,46,915,9,212121,"English","blue",0,"solid",0.75,"green",0.75,"square",0,"striped",0,"cloud",0.8,NA,NA,NA,NA,NA,NA,113,113,321,"False",6,19,19,6,0.348,NA,0,0.326,0,NA,0,NA,0.326,0,0,0,0,0,0,0,0,0,0,0,0,0,0,0,0,0,0,NA,NA,NA
"623",698,46,1946,10,111212,"English","circle",0,"blue",0.15,"square",0,"solid",0,"cloud",0.15,"striped",0.8,"red",0.8,NA,NA,NA,NA,111,322,222,"True",7,1,15,14,0.079,0,0,0,0.421,NA,0.079,0.421,NA,0,0,0,0,0,0,0,0,0,0,0,0,0,0,0,0,0,0,NA,NA,NA
"624",699,46,76,11,122111,"English","blue",0,"red",0,"polka-dotted",0.8,"circle",0,"green",0,"cloud",0.85,"striped",0.1,NA,NA,NA,NA,121,132,233,"True",7,4,16,26,0.486,0,NA,NA,0.057,0.457,0,0,0,0,0,0,0,0,0,0,0,0,0,0,0,0,0,0,0,0,0,NA,NA,NA
"625",700,46,2336,12,123232,"English","cloud",1,"blue",0,"red",0,"solid",1,NA,NA,NA,NA,NA,NA,NA,NA,NA,NA,111,112,112,"True",4,1,10,10,0.5,NA,NA,0.5,NA,NA,0,0,NA,0,0,0,0,0,0,0,0,0,0,0,0,0,0,0,0,0,0,NA,NA,NA
"626",701,46,1957,13,323232,"English","polka-dotted",1,"red",1,"square",1,NA,NA,NA,NA,NA,NA,NA,NA,NA,NA,NA,NA,332,332,332,"False",3,18,18,18,NA,NA,0.333,NA,NA,0.333,NA,0.333,NA,0,0,0,0,0,0,0,0,0,0,0,0,0,0,0,0,0,0,NA,NA,NA
"627",702,46,1167,14,212232,"English","cloud",0,"blue",1,"polka-dotted",0,"striped",0,"square",0,NA,NA,NA,NA,NA,NA,NA,NA,321,331,121,"True",5,6,9,4,0,NA,0,NA,0,0,1,NA,NA,0,0,0,0,0,0,0,0,0,0,0,0,0,0,0,0,0,0,NA,NA,NA
"628",703,46,2296,15,213232,"English","striped",0,"polka-dotted",0,"circle",1,"blue",1,NA,NA,NA,NA,NA,NA,NA,NA,NA,NA,221,221,231,"True",4,5,5,8,NA,0.5,NA,NA,0,0,0.5,NA,NA,0,0,0,0,0,0,0,0,0,0,0,0,0,0,0,0,0,0,NA,NA,NA
"629",704,46,931,16,212121,"English","square",0,"striped",0.75,"solid",0,"circle",0.75,"red",0,"blue",0.75,NA,NA,NA,NA,NA,NA,221,221,312,"False",6,5,5,12,NA,0.333,0,0,0.333,NA,0.333,0,NA,0,0,0,0,0,0,0,0,0,0,0,0,0,0,0,0,0,0,NA,NA,NA
"630",705,46,934,17,212121,"English","red",0.7,"circle",0.7,"striped",0.7,"green",0,"square",0,"solid",0,NA,NA,NA,NA,NA,NA,222,222,313,"False",6,14,14,21,NA,0.333,0,0,0.333,NA,NA,0.333,0,0,0,0,0,0,0,0,0,0,0,0,0,0,0,0,0,0,0,NA,NA,NA
"631",706,47,327,3,213211,"English","polka-dotted",1,"cloud",0.95,"circle",0.05,"striped",0.95,"solid",0.15,"blue",0.05,NA,NA,NA,NA,NA,NA,231,221,111,"True",6,8,5,1,0.302,0.016,NA,0.048,0.302,0.317,0.016,NA,NA,0,0,0,0,0,0,0,0,0,0,0,0,0,0,0,0,0,0,NA,NA,NA
"632",707,47,1217,4,112112,"English","blue",1,"square",0.05,"polka-dotted",0.05,"striped",1,"red",1,"circle",1,"green",0.95,NA,NA,NA,NA,322,331,233,"True",7,15,9,26,NA,0.198,0.01,NA,0.198,0.01,0.198,0.198,0.188,0,0,0,0,0,0,0,0,0,0,0,0,0,0,0,0,0,0,NA,NA,NA
"633",708,47,1760,5,322132,"English","polka-dotted",0,"cloud",0.05,"solid",0.15,"red",0,NA,NA,NA,NA,NA,NA,NA,NA,NA,NA,132,132,112,"True",4,16,16,10,0.25,NA,NA,0.75,NA,0,NA,0,NA,0,0,0,0,0,0,0,0,0,0,0,0,0,0,0,0,0,0,NA,NA,NA
"634",709,47,845,6,112111,"English","polka-dotted",0.95,"striped",0,"cloud",0.95,"square",0.95,"red",0.95,"circle",0.95,"blue",0.95,"green",0.95,NA,NA,322,223,131,"True",8,15,23,7,0.143,0.143,0.143,NA,0,0.143,0.143,0.143,0.143,0,0,0,0,0,0,0,0,0,0,0,0,0,0,0,0,0,0,NA,NA,NA
"635",710,47,2165,7,121111,"English","circle",0.95,"green",0,"cloud",0.95,"solid",0.15,"blue",0.95,"striped",0.95,"square",0.95,"polka-dotted",0.95,NA,NA,321,233,113,"True",8,6,26,19,0.162,0.162,0.162,0.026,0.162,0.162,0.162,NA,0,0,0,0,0,0,0,0,0,0,0,0,0,0,0,0,0,0,0,NA,NA,NA
"636",711,47,1734,8,212112,"English","green",0.95,"red",0.95,"circle",0.95,"solid",0.15,"cloud",0.05,"striped",0,NA,NA,NA,NA,NA,NA,222,122,113,"True",6,14,13,19,0.016,0.311,NA,0.049,0,NA,NA,0.311,0.311,0,0,0,0,0,0,0,0,0,0,0,0,0,0,0,0,0,0,NA,NA,NA
"637",712,47,1296,9,111111,"English","solid",0.15,"blue",0.95,"cloud",0.95,"red",0.9,"square",0.95,"green",0.95,"striped",0.95,"circle",0.95,"polka-dotted",0.95,231,313,122,"False",9,8,21,13,0.123,0.123,0.123,0.019,0.123,0.123,0.123,0.117,0.123,0,0,0,0,0,0,0,0,0,0,0,0,0,0,0,0,0,0,NA,NA,NA
"638",713,47,1670,10,121212,"English","solid",0.2,"polka-dotted",0,"square",0.95,"cloud",0,"blue",0.05,"green",0.95,NA,NA,NA,NA,NA,NA,313,131,131,"False",6,21,7,7,0,NA,0.442,0.093,NA,0,0.023,NA,0.442,0,0,0,0,0,0,0,0,0,0,0,0,0,0,0,0,0,0,NA,NA,NA
"639",714,47,2136,11,111112,"English","cloud",0.9,"green",0,"square",0.9,"solid",0.2,"circle",0.95,"striped",0.95,"red",0.95,"polka-dotted",0.95,NA,NA,122,233,313,"True",8,13,26,21,0.155,0.164,0.155,0.034,0.164,0.164,NA,0.164,0,0,0,0,0,0,0,0,0,0,0,0,0,0,0,0,0,0,0,NA,NA,NA
"640",715,47,1683,12,121212,"English","square",0.05,"solid",0.15,"blue",1,"striped",0,"green",0,"circle",0.95,NA,NA,NA,NA,NA,NA,211,323,323,"False",6,2,24,24,NA,0.442,0.023,0.07,0,NA,0.465,NA,0,0,0,0,0,0,0,0,0,0,0,0,0,0,0,0,0,0,0,NA,NA,NA
"641",716,47,1878,13,123212,"English","polka-dotted",0,"green",0,"circle",0,"striped",0.95,"blue",0.95,NA,NA,NA,NA,NA,NA,NA,NA,221,233,233,"True",5,5,26,26,NA,0,NA,NA,0.5,0,0.5,NA,0,0,0,0,0,0,0,0,0,0,0,0,0,0,0,0,0,0,0,NA,NA,NA
"642",717,47,927,14,212121,"English","polka-dotted",0,"circle",1,"cloud",0.05,"green",0.95,"blue",0.05,"solid",0.15,NA,NA,NA,NA,NA,NA,131,131,213,"False",6,7,7,20,0.023,0.455,NA,0.068,NA,0,0.023,NA,0.432,0,0,0,0,0,0,0,0,0,0,0,0,0,0,0,0,0,0,NA,NA,NA
"643",718,47,297,15,212222,"English","polka-dotted",0.95,"solid",0,"cloud",0.95,"green",0.05,"square",0.05,"red",0.95,NA,NA,NA,NA,NA,NA,313,332,113,"True",6,21,18,19,0.322,NA,0.017,0,NA,0.322,NA,0.322,0.017,0,0,0,0,0,0,0,0,0,0,0,0,0,0,0,0,0,0,NA,NA,NA
"644",719,47,170,16,323212,"English","solid",0.95,"red",0,"striped",0,"circle",0,NA,NA,NA,NA,NA,NA,NA,NA,NA,NA,212,222,222,"True",4,11,14,14,NA,0,NA,1,0,NA,NA,0,NA,0,0,0,0,0,0,0,0,0,0,0,0,0,0,0,0,0,0,NA,NA,NA
"645",720,47,1991,17,323232,"English","red",0,"circle",0.05,"polka-dotted",0.05,NA,NA,NA,NA,NA,NA,NA,NA,NA,NA,NA,NA,232,232,232,"False",3,17,17,17,NA,0.5,NA,NA,NA,0.5,NA,0,NA,0,0,0,0,0,0,0,0,0,0,0,0,0,0,0,0,0,0,NA,NA,NA
"646",736,49,1964,3,323232,"English","red",0.1,"cloud",1,"striped",0.6,NA,NA,NA,NA,NA,NA,NA,NA,NA,NA,NA,NA,122,122,122,"False",3,13,13,13,0.588,NA,NA,NA,0.353,NA,NA,0.059,NA,0,0,0,0,0,0,0,0,0,0,0,0,0,0,0,0,0,0,NA,NA,NA
"647",737,49,853,4,112122,"English","polka-dotted",0.65,"red",0,"striped",0,"circle",0.7,"cloud",0.8,"blue",0.9,"square",0,NA,NA,NA,NA,322,121,232,"True",7,15,4,17,0.262,0.23,0,NA,0,0.213,0.295,0,NA,0,0,0,0,0,0,0,0,0,0,0,0,0,0,0,0,0,0,NA,NA,NA
"648",738,49,111,5,212111,"English","circle",0.9,"red",0,"polka-dotted",1,"green",0.95,"solid",1,"cloud",1,"square",1,NA,NA,NA,NA,312,112,233,"True",7,12,10,26,0.171,0.154,0.171,0.171,NA,0.171,NA,0,0.162,0,0,0,0,0,0,0,0,0,0,0,0,0,0,0,0,0,0,NA,NA,NA
"649",739,49,1285,6,111111,"English","square",1,"red",1,"cloud",1,"striped",1,"solid",1,"green",1,"circle",1,"blue",0.9,"polka-dotted",1,221,313,132,"False",9,5,21,16,0.112,0.112,0.112,0.112,0.112,0.112,0.101,0.112,0.112,0,0,0,0,0,0,0,0,0,0,0,0,0,0,0,0,0,0,NA,NA,NA
"650",740,49,1284,7,111111,"English","cloud",1,"solid",0.95,"striped",0.8,"polka-dotted",0.85,"circle",0.8,"green",0.85,"square",0.7,"red",1,"blue",0.9,223,111,332,"False",9,23,1,18,0.127,0.102,0.089,0.121,0.102,0.108,0.115,0.127,0.108,0,0,0,0,0,0,0,0,0,0,0,0,0,0,0,0,0,0,NA,NA,NA
"651",741,49,511,8,112132,"English","circle",0,"blue",0.95,"striped",1,"solid",1,"green",0,"polka-dotted",1,NA,NA,NA,NA,NA,NA,233,213,221,"True",6,26,20,5,NA,0,NA,0.253,0.253,0.253,0.241,NA,0,0,0,0,0,0,0,0,0,0,0,0,0,0,0,0,0,0,0,NA,NA,NA
"652",742,49,918,9,212121,"English","green",0,"striped",0,"blue",1,"square",0,"cloud",1,"polka-dotted",1,NA,NA,NA,NA,NA,NA,323,323,131,"False",6,24,24,7,0.333,NA,0,NA,0,0.333,0.333,NA,0,0,0,0,0,0,0,0,0,0,0,0,0,0,0,0,0,0,0,NA,NA,NA
"653",743,49,1997,10,323232,"English","solid",0,"cloud",0,"red",0,NA,NA,NA,NA,NA,NA,NA,NA,NA,NA,NA,NA,112,112,112,"False",3,10,10,10,0.333,NA,NA,0.333,NA,NA,NA,0.333,NA,0,0,0,0,0,0,0,0,0,0,0,0,0,0,0,0,0,0,NA,NA,NA
"654",744,49,459,11,211111,"English","square",0.75,"blue",1,"circle",0.8,"solid",0.9,"green",1,"red",0.8,"cloud",1,"polka-dotted",0,NA,NA,233,332,111,"True",8,26,18,1,0.16,0.128,0.12,0.144,NA,0,0.16,0.128,0.16,0,0,0,0,0,0,0,0,0,0,0,0,0,0,0,0,0,0,NA,NA,NA
"655",745,49,817,12,112111,"English","polka-dotted",0,"circle",0.95,"green",1,"blue",1,"solid",1,"red",0.95,"square",0.9,"cloud",1,NA,NA,231,132,313,"True",8,8,16,21,0.147,0.14,0.132,0.147,NA,0,0.147,0.14,0.147,0,0,0,0,0,0,0,0,0,0,0,0,0,0,0,0,0,0,NA,NA,NA
"656",746,49,1105,13,321212,"English","polka-dotted",0,"cloud",0,"green",1,"striped",1,"blue",0,NA,NA,NA,NA,NA,NA,NA,NA,123,131,131,"True",5,22,7,7,0,NA,NA,NA,0.5,0,0,NA,0.5,0,0,0,0,0,0,0,0,0,0,0,0,0,0,0,0,0,0,NA,NA,NA
"657",747,49,1320,14,122122,"English","polka-dotted",0,"solid",0.95,"green",0,"cloud",1,"circle",0,"blue",0.9,NA,NA,NA,NA,NA,NA,231,213,133,"True",6,8,20,25,0.351,0,NA,0.333,NA,0,0.316,NA,0,0,0,0,0,0,0,0,0,0,0,0,0,0,0,0,0,0,0,NA,NA,NA
"658",748,49,2091,15,321111,"English","polka-dotted",1,"solid",0.75,"square",0,"striped",0.8,"green",0.8,"blue",0.9,"red",0.9,NA,NA,NA,NA,311,323,332,"True",7,3,24,18,NA,NA,0,0.146,0.155,0.194,0.175,0.175,0.155,0,0,0,0,0,0,0,0,0,0,0,0,0,0,0,0,0,0,NA,NA,NA
"659",749,49,631,16,112121,"English","cloud",0.9,"square",0.85,"striped",0,"blue",0,"green",0.95,"circle",0.9,"solid",1,NA,NA,NA,NA,121,221,313,"True",7,4,5,21,0.196,0.196,0.185,0.217,0,NA,0,NA,0.207,0,0,0,0,0,0,0,0,0,0,0,0,0,0,0,0,0,0,NA,NA,NA
"660",750,49,1197,17,212232,"English","red",0,"square",0,"circle",1,"green",1,"solid",0,NA,NA,NA,NA,NA,NA,NA,NA,312,313,212,"True",5,12,21,11,NA,0.5,0,0,NA,NA,NA,0,0.5,0,0,0,0,0,0,0,0,0,0,0,0,0,0,0,0,0,0,NA,NA,NA
"661",751,50,1972,3,323232,"english","polka-dotted",0.6,"blue",1,"cloud",0.5,NA,NA,NA,NA,NA,NA,NA,NA,NA,NA,NA,NA,131,131,131,"False",3,7,7,7,0.238,NA,NA,NA,NA,0.286,0.476,NA,NA,0,0,0,0,0,0,0,0,0,0,0,0,0,0,0,0,0,0,NA,NA,NA
"662",752,50,1927,4,111212,"english","green",1,"polka-dotted",1,"red",1,"blue",1,"cloud",0.45,"striped",0.45,"circle",0.4,NA,NA,NA,NA,131,222,223,"True",7,7,14,23,0.085,0.075,NA,NA,0.085,0.189,0.189,0.189,0.189,0,0,0,0,0,0,0,0,0,0,0,0,0,0,0,0,0,0,NA,NA,NA
"663",753,50,1251,5,111111,"english","circle",1,"blue",1,"green",1,"striped",1,"cloud",0.2,"solid",0.2,"polka-dotted",0.75,"red",1,"square",1,113,231,322,"False",9,19,8,15,0.028,0.14,0.14,0.028,0.14,0.105,0.14,0.14,0.14,0,0,0,0,0,0,0,0,0,0,0,0,0,0,0,0,0,0,NA,NA,NA
"664",754,50,1173,6,212232,"english","green",0,"circle",0,"blue",1,"square",1,"striped",0,NA,NA,NA,NA,NA,NA,NA,NA,223,323,221,"True",5,23,24,5,NA,0,0.5,NA,0,NA,0.5,NA,0,0,0,0,0,0,0,0,0,0,0,0,0,0,0,0,0,0,0,NA,NA,NA
"665",755,50,1657,7,121212,"english","polka-dotted",0.2,"circle",0.95,"solid",1,"red",1,"green",0.2,"cloud",0.2,NA,NA,NA,NA,NA,NA,112,233,233,"False",6,10,26,26,0.056,0.268,NA,0.282,NA,0.056,NA,0.282,0.056,0,0,0,0,0,0,0,0,0,0,0,0,0,0,0,0,0,0,NA,NA,NA
"666",756,50,1676,8,121212,"english","red",1,"circle",0.8,"solid",0.25,"square",0.25,"striped",0.25,"blue",0.9,NA,NA,NA,NA,NA,NA,222,311,311,"False",6,14,3,3,NA,0.232,0.072,0.072,0.072,NA,0.261,0.29,NA,0,0,0,0,0,0,0,0,0,0,0,0,0,0,0,0,0,0,NA,NA,NA
"667",757,50,1263,9,111111,"english","striped",1,"cloud",0.25,"square",1,"solid",0.95,"circle",1,"red",1,"green",1,"blue",1,"polka-dotted",1,233,321,112,"False",9,26,6,10,0.03,0.122,0.122,0.116,0.122,0.122,0.122,0.122,0.122,0,0,0,0,0,0,0,0,0,0,0,0,0,0,0,0,0,0,NA,NA,NA
"668",758,50,400,10,122132,"english","striped",0.2,"square",0,"green",1,"polka-dotted",1,"red",1,NA,NA,NA,NA,NA,NA,NA,NA,332,322,323,"True",5,18,15,24,NA,NA,0,NA,0.062,0.312,NA,0.312,0.312,0,0,0,0,0,0,0,0,0,0,0,0,0,0,0,0,0,0,NA,NA,NA
"669",759,50,2269,11,213232,"english","striped",0.75,"polka-dotted",1,"red",0.3,"cloud",0.3,NA,NA,NA,NA,NA,NA,NA,NA,NA,NA,122,122,132,"True",4,13,13,16,0.128,NA,NA,NA,0.319,0.426,NA,0.128,NA,0,0,0,0,0,0,0,0,0,0,0,0,0,0,0,0,0,0,NA,NA,NA
"670",760,50,1424,12,322111,"english","striped",1,"square",0.95,"green",0.05,"polka-dotted",1,"cloud",0,"solid",1,NA,NA,NA,NA,NA,NA,123,133,313,"True",6,22,25,21,0,NA,0.238,0.25,0.25,0.25,NA,NA,0.012,0,0,0,0,0,0,0,0,0,0,0,0,0,0,0,0,0,0,NA,NA,NA
"671",761,50,2119,13,111112,"english","striped",1,"cloud",0,"circle",1,"red",1,"polka-dotted",1,"solid",0.95,"blue",1,"green",1,NA,NA,222,113,131,"True",8,14,19,7,0,0.144,NA,0.137,0.144,0.144,0.144,0.144,0.144,0,0,0,0,0,0,0,0,0,0,0,0,0,0,0,0,0,0,NA,NA,NA
"672",762,50,2012,14,322122,"english","striped",1,"green",0,"cloud",0,"square",1,"solid",0.65,NA,NA,NA,NA,NA,NA,NA,NA,113,123,313,"True",5,19,22,21,0,NA,0.377,0.245,0.377,NA,NA,NA,0,0,0,0,0,0,0,0,0,0,0,0,0,0,0,0,0,0,0,NA,NA,NA
"673",763,50,535,15,112132,"english","blue",1,"red",1,"polka-dotted",1,"square",0,"striped",0,"green",0,NA,NA,NA,NA,NA,NA,322,321,333,"True",6,15,6,27,NA,NA,0,NA,0,0.333,0.333,0.333,0,0,0,0,0,0,0,0,0,0,0,0,0,0,0,0,0,0,0,NA,NA,NA
"674",764,50,1487,16,123211,"english","blue",1,"cloud",0,"polka-dotted",0,"circle",1,"square",1,"green",0,NA,NA,NA,NA,NA,NA,131,333,233,"True",6,7,27,26,0,0.333,0.333,NA,NA,0,0.333,NA,0,0,0,0,0,0,0,0,0,0,0,0,0,0,0,0,0,0,0,NA,NA,NA
"675",765,50,518,17,112132,"english","polka-dotted",1,"solid",1,"cloud",0.1,"striped",1,"circle",0.25,"blue",0.2,NA,NA,NA,NA,NA,NA,131,121,211,"True",6,7,4,2,0.028,0.07,NA,0.282,0.282,0.282,0.056,NA,NA,0,0,0,0,0,0,0,0,0,0,0,0,0,0,0,0,0,0,NA,NA,NA
"676",766,51,938,3,212121,"English","polka-dotted",0.05,"blue",0.05,"cloud",0,"circle",0.25,"solid",0.95,"red",0.05,NA,NA,NA,NA,NA,NA,232,232,111,"False",6,17,17,1,0,0.185,NA,0.704,NA,0.037,0.037,0.037,NA,0,0,0,0,0,0,0,0,0,0,0,0,0,0,0,0,0,0,NA,NA,NA
"677",767,51,2167,4,121111,"English","polka-dotted",0,"solid",0.95,"blue",0.75,"red",0.05,"circle",0.2,"cloud",0,"striped",0.05,"square",0.05,NA,NA,332,121,211,"True",8,18,4,2,0,0.098,0.024,0.463,0.024,0,0.366,0.024,NA,0,0,0,0,0,0,0,0,0,0,0,0,0,0,0,0,0,0,NA,NA,NA
"678",768,51,1130,5,321212,"English","solid",0.95,"blue",0.05,"red",0.05,"cloud",0.05,"square",0,NA,NA,NA,NA,NA,NA,NA,NA,111,312,312,"True",5,1,12,12,0.045,NA,0,0.864,NA,NA,0.045,0.045,NA,0,0,0,0,0,0,0,0,0,0,0,0,0,0,0,0,0,0,NA,NA,NA
"679",769,51,1522,6,322112,"English","cloud",0,"solid",0.95,"striped",0.05,"circle",0.1,"red",0.95,NA,NA,NA,NA,NA,NA,NA,NA,222,212,112,"True",5,14,11,10,0,0.049,NA,0.463,0.024,NA,NA,0.463,NA,0,0,0,0,0,0,0,0,0,0,0,0,0,0,0,0,0,0,NA,NA,NA
"680",770,51,1057,7,113212,"English","square",0.05,"solid",0.95,"striped",0.05,"blue",0.95,"circle",0.1,"cloud",0.05,NA,NA,NA,NA,NA,NA,221,311,111,"True",6,5,3,1,0.023,0.047,0.023,0.442,0.023,NA,0.442,NA,NA,0,0,0,0,0,0,0,0,0,0,0,0,0,0,0,0,0,0,NA,NA,NA
"681",771,51,1669,8,121212,"English","red",0.1,"square",0.15,"cloud",0.05,"green",0.05,"solid",0.95,"striped",0.05,NA,NA,NA,NA,NA,NA,123,312,312,"False",6,22,12,12,0.037,NA,0.111,0.704,0.037,NA,NA,0.074,0.037,0,0,0,0,0,0,0,0,0,0,0,0,0,0,0,0,0,0,NA,NA,NA
"682",772,51,1288,9,111111,"English","green",0.05,"polka-dotted",0.05,"red",0.05,"cloud",0.05,"square",0.05,"solid",0.95,"blue",0.05,"circle",0.05,"striped",0.05,311,233,122,"False",9,3,26,13,0.037,0.037,0.037,0.704,0.037,0.037,0.037,0.037,0.037,0,0,0,0,0,0,0,0,0,0,0,0,0,0,0,0,0,0,NA,NA,NA
"683",773,51,2147,10,111112,"English","square",0.05,"circle",0.7,"polka-dotted",0.05,"green",0.05,"cloud",0.05,"solid",0.95,"red",0.35,"striped",0.05,NA,NA,213,122,332,"True",8,20,13,18,0.022,0.311,0.022,0.422,0.022,0.022,NA,0.156,0.022,0,0,0,0,0,0,0,0,0,0,0,0,0,0,0,0,0,0,NA,NA,NA
"684",774,51,2208,11,323211,"English","red",0.05,"circle",0.95,"solid",1,"green",0.05,"blue",0.05,NA,NA,NA,NA,NA,NA,NA,NA,211,212,213,"True",5,2,11,20,NA,0.452,NA,0.476,NA,NA,0.024,0.024,0.024,0,0,0,0,0,0,0,0,0,0,0,0,0,0,0,0,0,0,NA,NA,NA
"685",775,51,1333,12,122122,"English","cloud",0.05,"red",0.4,"polka-dotted",0.05,"square",0.05,"solid",0.95,"blue",0.05,NA,NA,NA,NA,NA,NA,311,332,112,"True",6,3,18,10,0.032,NA,0.032,0.613,NA,0.032,0.032,0.258,NA,0,0,0,0,0,0,0,0,0,0,0,0,0,0,0,0,0,0,NA,NA,NA
"686",776,51,1981,13,323232,"English","circle",0.95,"solid",0.95,"blue",0.95,NA,NA,NA,NA,NA,NA,NA,NA,NA,NA,NA,NA,211,211,211,"False",3,2,2,2,NA,0.333,NA,0.333,NA,NA,0.333,NA,NA,0,0,0,0,0,0,0,0,0,0,0,0,0,0,0,0,0,0,NA,NA,NA
"687",777,51,1640,14,211112,"English","solid",0.95,"cloud",0.05,"circle",0.05,"striped",0.4,"square",0,"red",0.05,"blue",0.4,NA,NA,NA,NA,122,221,311,"True",7,13,5,3,0.026,0.026,0,0.5,0.211,NA,0.211,0.026,NA,0,0,0,0,0,0,0,0,0,0,0,0,0,0,0,0,0,0,NA,NA,NA
"688",778,51,1984,15,323232,"English","solid",0.95,"green",0.95,"circle",0.95,NA,NA,NA,NA,NA,NA,NA,NA,NA,NA,NA,NA,213,213,213,"False",3,20,20,20,NA,0.333,NA,0.333,NA,NA,NA,NA,0.333,0,0,0,0,0,0,0,0,0,0,0,0,0,0,0,0,0,0,NA,NA,NA
"689",779,51,271,16,212222,"English","square",0.4,"red",0.05,"circle",0.05,"solid",0.95,"green",0.35,"polka-dotted",0.05,NA,NA,NA,NA,NA,NA,313,212,333,"True",6,21,11,27,NA,0.027,0.216,0.514,NA,0.027,NA,0.027,0.189,0,0,0,0,0,0,0,0,0,0,0,0,0,0,0,0,0,0,NA,NA,NA
"690",780,51,510,17,112132,"English","striped",0.05,"circle",0.1,"cloud",0.05,"red",0.95,"solid",0.95,"square",0.05,NA,NA,NA,NA,NA,NA,212,312,122,"True",6,11,12,13,0.023,0.047,0.023,0.442,0.023,NA,NA,0.442,NA,0,0,0,0,0,0,0,0,0,0,0,0,0,0,0,0,0,0,NA,NA,NA
"691",781,52,485,3,211111,"English","green",0.3,"polka-dotted",0.7,"blue",0.75,"circle",0.3,"solid",0.75,"red",0.85,"cloud",0.8,"square",0.65,NA,NA,233,332,111,"True",8,26,18,1,0.157,0.059,0.127,0.147,NA,0.137,0.147,0.167,0.059,0,0,0,0,0,0,0,0,0,0,0,0,0,0,0,0,0,0,NA,NA,NA
"692",782,52,907,4,212121,"English","solid",0.3,"polka-dotted",0.85,"circle",0.95,"blue",0.35,"green",0.3,"cloud",0.7,NA,NA,NA,NA,NA,NA,113,113,231,"False",6,19,19,8,0.203,0.275,NA,0.087,NA,0.246,0.101,NA,0.087,0,0,0,0,0,0,0,0,0,0,0,0,0,0,0,0,0,0,NA,NA,NA
"693",783,52,1902,5,111212,"English","green",0.7,"circle",0.35,"solid",0.3,"red",0.75,"square",0.95,"polka-dotted",0.3,"blue",0.25,NA,NA,NA,NA,233,312,311,"True",7,26,12,3,NA,0.097,0.264,0.083,NA,0.083,0.069,0.208,0.194,0,0,0,0,0,0,0,0,0,0,0,0,0,0,0,0,0,0,NA,NA,NA
"694",784,52,138,6,212111,"English","circle",0.65,"cloud",0.85,"striped",0.35,"solid",0.65,"red",0.85,"green",0.75,"square",0.3,NA,NA,NA,NA,123,323,212,"True",7,22,24,11,0.193,0.148,0.068,0.148,0.08,NA,NA,0.193,0.17,0,0,0,0,0,0,0,0,0,0,0,0,0,0,0,0,0,0,NA,NA,NA
"695",785,52,2085,7,321111,"English","polka-dotted",0.6,"circle",0.7,"cloud",0.9,"green",0.6,"solid",0.35,"striped",0.1,"square",0.25,NA,NA,NA,NA,323,133,213,"True",7,24,25,20,0.257,0.2,0.071,0.1,0.029,0.171,NA,NA,0.171,0,0,0,0,0,0,0,0,0,0,0,0,0,0,0,0,0,0,NA,NA,NA
"696",786,52,1984,8,323232,"English","circle",0.65,"green",0.6,"solid",0.8,NA,NA,NA,NA,NA,NA,NA,NA,NA,NA,NA,NA,213,213,213,"False",3,20,20,20,NA,0.317,NA,0.39,NA,NA,NA,NA,0.293,0,0,0,0,0,0,0,0,0,0,0,0,0,0,0,0,0,0,NA,NA,NA
"697",787,52,1813,9,122121,"English","red",0.35,"green",0.7,"polka-dotted",0.75,"square",0.9,"striped",0.4,"circle",0.35,NA,NA,NA,NA,NA,NA,223,323,332,"True",6,23,24,18,NA,0.101,0.261,NA,0.116,0.217,NA,0.101,0.203,0,0,0,0,0,0,0,0,0,0,0,0,0,0,0,0,0,0,NA,NA,NA
"698",788,52,230,10,212132,"English","square",0.8,"green",0.75,"solid",0.75,"cloud",0.35,"blue",0.75,NA,NA,NA,NA,NA,NA,NA,NA,111,111,313,"True",5,1,1,21,0.103,NA,0.235,0.221,NA,NA,0.221,NA,0.221,0,0,0,0,0,0,0,0,0,0,0,0,0,0,0,0,0,0,NA,NA,NA
"699",789,52,929,11,212121,"English","green",0.65,"polka-dotted",0.4,"red",0.7,"square",0.9,"solid",0.35,"circle",0.3,NA,NA,NA,NA,NA,NA,212,212,333,"False",6,11,11,27,NA,0.091,0.273,0.106,NA,0.121,NA,0.212,0.197,0,0,0,0,0,0,0,0,0,0,0,0,0,0,0,0,0,0,NA,NA,NA
"700",790,52,883,12,112122,"English","green",0.65,"polka-dotted",0.75,"square",0.35,"blue",0.2,"circle",0.3,"cloud",0.7,"striped",0.9,NA,NA,NA,NA,233,131,323,"True",7,26,7,24,0.182,0.078,0.091,NA,0.234,0.195,0.052,NA,0.169,0,0,0,0,0,0,0,0,0,0,0,0,0,0,0,0,0,0,NA,NA,NA
"701",791,52,935,13,212121,"English","circle",0.4,"polka-dotted",0.65,"green",0.85,"solid",0.3,"cloud",0.3,"red",0.8,NA,NA,NA,NA,NA,NA,133,133,212,"False",6,25,25,11,0.091,0.121,NA,0.091,NA,0.197,NA,0.242,0.258,0,0,0,0,0,0,0,0,0,0,0,0,0,0,0,0,0,0,NA,NA,NA
"702",792,52,445,14,321112,"English","green",0.65,"red",0.85,"solid",0.35,"blue",0.3,"circle",0.65,"square",0.95,NA,NA,NA,NA,NA,NA,211,313,312,"True",6,2,21,12,NA,0.173,0.253,0.093,NA,NA,0.08,0.227,0.173,0,0,0,0,0,0,0,0,0,0,0,0,0,0,0,0,0,0,NA,NA,NA
"703",793,52,1665,15,121212,"English","blue",0.65,"polka-dotted",0.4,"cloud",0.2,"green",0.65,"circle",0.7,"solid",0.95,NA,NA,NA,NA,NA,NA,213,131,131,"False",6,20,7,7,0.056,0.197,NA,0.268,NA,0.113,0.183,NA,0.183,0,0,0,0,0,0,0,0,0,0,0,0,0,0,0,0,0,0,NA,NA,NA
"704",794,52,154,16,323212,"English","green",0.65,"striped",0.65,"solid",0.85,"square",0.3,NA,NA,NA,NA,NA,NA,NA,NA,NA,NA,313,323,323,"True",4,21,24,24,NA,NA,0.122,0.347,0.265,NA,NA,NA,0.265,0,0,0,0,0,0,0,0,0,0,0,0,0,0,0,0,0,0,NA,NA,NA
"705",795,52,1400,17,113211,"English","green",0.35,"striped",0.7,"polka-dotted",0.8,"cloud",0.95,"solid",0.7,"square",0.45,"circle",0.35,NA,NA,NA,NA,213,123,333,"True",7,20,22,27,0.221,0.081,0.105,0.163,0.163,0.186,NA,NA,0.081,0,0,0,0,0,0,0,0,0,0,0,0,0,0,0,0,0,0,NA,NA,NA
"706",796,53,1839,3,122121,"English ","blue",0.1,"square",0.1,"solid",0.1,"circle",0.8,"red",0.8,"striped",0.9,NA,NA,NA,NA,NA,NA,322,222,211,"True",6,15,14,2,NA,0.286,0.036,0.036,0.321,NA,0.036,0.286,NA,0,0,0,0,0,0,0,0,0,0,0,0,0,0,0,0,0,0,NA,NA,NA
"707",797,53,1176,4,212232,"English ","solid",0.7,"red",0,"polka-dotted",0,"blue",0.7,"square",0.9,NA,NA,NA,NA,NA,NA,NA,NA,311,312,331,"True",5,3,12,9,NA,NA,0.391,0.304,NA,0,0.304,0,NA,0,0,0,0,0,0,0,0,0,0,0,0,0,0,0,0,0,0,NA,NA,NA
"708",798,53,807,5,112111,"English ","blue",0.05,"striped",0.8,"red",0.05,"square",0,"cloud",0,"green",0,"circle",0,"solid",0,NA,NA,223,322,111,"True",8,23,15,1,0,0,0,0,0.889,NA,0.056,0.056,0,0,0,0,0,0,0,0,0,0,0,0,0,0,0,0,0,0,0,NA,NA,NA
"709",799,53,835,6,112111,"English ","cloud",0,"circle",0.8,"polka-dotted",0.05,"red",0,"green",0,"blue",0,"striped",0,"solid",0,NA,NA,211,232,123,"True",8,2,17,22,0,0.941,NA,0,0,0.059,0,0,0,0,0,0,0,0,0,0,0,0,0,0,0,0,0,0,0,0,0,NA,NA,NA
"710",800,53,445,7,321112,"English ","green",0,"square",0.6,"red",0,"blue",0,"circle",0,"solid",1,NA,NA,NA,NA,NA,NA,211,313,312,"True",6,2,21,12,NA,0,0.375,0.625,NA,NA,0,0,0,0,0,0,0,0,0,0,0,0,0,0,0,0,0,0,0,0,0,NA,NA,NA
"711",801,53,2235,8,323211,"English ","polka-dotted",1,"circle",0,"cloud",0,"green",0.65,"square",0,NA,NA,NA,NA,NA,NA,NA,NA,333,233,133,"True",5,27,26,25,0,0,0,NA,NA,0.606,NA,NA,0.394,0,0,0,0,0,0,0,0,0,0,0,0,0,0,0,0,0,0,NA,NA,NA
"712",802,53,708,9,212122,"English ","green",0.75,"red",0,"circle",0.7,"polka-dotted",0,"square",0,"striped",0.75,NA,NA,NA,NA,NA,NA,223,323,232,"True",6,23,24,17,NA,0.318,0,NA,0.341,0,NA,0,0.341,0,0,0,0,0,0,0,0,0,0,0,0,0,0,0,0,0,0,NA,NA,NA
"713",803,53,1296,10,111111,"English ","square",0,"green",0.05,"solid",0,"circle",0.05,"cloud",0,"red",0,"polka-dotted",0,"blue",0,"striped",0,231,313,122,"False",9,8,21,13,0,0.5,0,0,0,0,0,0,0.5,0,0,0,0,0,0,0,0,0,0,0,0,0,0,0,0,0,0,NA,NA,NA
"714",804,53,940,11,212121,"English ","polka-dotted",0.1,"green",0.05,"cloud",0.1,"circle",0.1,"red",0.1,"solid",0.15,NA,NA,NA,NA,NA,NA,132,132,213,"False",6,16,16,20,0.167,0.167,NA,0.25,NA,0.167,NA,0.167,0.083,0,0,0,0,0,0,0,0,0,0,0,0,0,0,0,0,0,0,NA,NA,NA
"715",805,53,1780,12,322132,"English ","circle",0.95,"blue",0,"striped",0.9,"red",0,NA,NA,NA,NA,NA,NA,NA,NA,NA,NA,221,221,222,"True",4,5,5,14,NA,0.514,NA,NA,0.486,NA,0,0,NA,0,0,0,0,0,0,0,0,0,0,0,0,0,0,0,0,0,0,NA,NA,NA
"716",806,53,1655,13,121212,"English ","blue",0.1,"cloud",0.1,"polka-dotted",0.05,"red",0,"circle",0,"striped",0,NA,NA,NA,NA,NA,NA,222,131,131,"False",6,14,7,7,0.4,0,NA,NA,0,0.2,0.4,0,NA,0,0,0,0,0,0,0,0,0,0,0,0,0,0,0,0,0,0,NA,NA,NA
"717",807,53,261,14,212222,"English ","polka-dotted",0.7,"solid",0,"green",0.7,"blue",0.05,"cloud",0.15,"square",0.15,NA,NA,NA,NA,NA,NA,133,111,333,"True",6,25,1,27,0.086,NA,0.086,0,NA,0.4,0.029,NA,0.4,0,0,0,0,0,0,0,0,0,0,0,0,0,0,0,0,0,0,NA,NA,NA
"718",808,53,1686,15,121212,"English ","polka-dotted",0.05,"red",0.05,"square",0.05,"blue",0,"circle",0.05,"solid",0,NA,NA,NA,NA,NA,NA,231,312,312,"False",6,8,12,12,NA,0.25,0.25,0,NA,0.25,0,0.25,NA,0,0,0,0,0,0,0,0,0,0,0,0,0,0,0,0,0,0,NA,NA,NA
"719",809,53,936,16,212121,"English ","red",0,"polka-dotted",0,"blue",0,"square",0,"circle",0,"striped",0,NA,NA,NA,NA,NA,NA,332,332,221,"False",6,18,18,5,NA,0.167,0.167,NA,0.167,0.167,0.167,0.167,NA,0,0,0,0,0,0,0,0,0,0,0,0,0,0,0,0,0,0,NA,NA,NA
"720",810,53,1806,17,122121,"English ","striped",0,"cloud",0.7,"circle",0,"solid",0.75,"green",0,"blue",0.75,NA,NA,NA,NA,NA,NA,211,111,123,"True",6,2,1,22,0.318,0,NA,0.341,0,NA,0.341,NA,0,0,0,0,0,0,0,0,0,0,0,0,0,0,0,0,0,0,0,NA,NA,NA
"721",811,54,1140,3,321212,"english","solid",0.75,"striped",0.1,"green",0.15,"cloud",0.05,"square",0.8,NA,NA,NA,NA,NA,NA,NA,NA,313,123,123,"True",5,21,22,22,0.027,NA,0.432,0.405,0.054,NA,NA,NA,0.081,0,0,0,0,0,0,0,0,0,0,0,0,0,0,0,0,0,0,NA,NA,NA
"722",812,54,1542,4,322112,"english","circle",0.9,"polka-dotted",0.1,"green",0.1,"blue",0.1,"square",0.1,NA,NA,NA,NA,NA,NA,NA,NA,331,333,233,"True",5,9,27,26,NA,0.692,0.077,NA,NA,0.077,0.077,NA,0.077,0,0,0,0,0,0,0,0,0,0,0,0,0,0,0,0,0,0,NA,NA,NA
"723",813,54,2075,5,321111,"english","polka-dotted",0.85,"blue",0.8,"square",0.05,"solid",0.85,"striped",0.85,"red",0.85,"green",0.85,NA,NA,NA,NA,321,332,313,"True",7,6,18,21,NA,NA,0.01,0.167,0.167,0.167,0.157,0.167,0.167,0,0,0,0,0,0,0,0,0,0,0,0,0,0,0,0,0,0,NA,NA,NA
"724",814,54,14,6,122112,"english","square",0.15,"blue",0.9,"striped",0.15,"circle",0.9,"polka-dotted",0.9,"green",0.1,NA,NA,NA,NA,NA,NA,331,323,223,"True",6,9,24,23,NA,0.29,0.048,NA,0.048,0.29,0.29,NA,0.032,0,0,0,0,0,0,0,0,0,0,0,0,0,0,0,0,0,0,NA,NA,NA
"725",815,54,445,7,321112,"english","red",0.9,"solid",0.15,"circle",0.9,"green",0.85,"square",0.05,"blue",0.9,NA,NA,NA,NA,NA,NA,211,313,312,"True",6,2,21,12,NA,0.24,0.013,0.04,NA,NA,0.24,0.24,0.227,0,0,0,0,0,0,0,0,0,0,0,0,0,0,0,0,0,0,NA,NA,NA
"726",816,54,201,8,212132,"english","striped",0.05,"blue",0.1,"solid",0.9,"green",1,"circle",0,NA,NA,NA,NA,NA,NA,NA,NA,221,221,213,"True",5,5,5,20,NA,0,NA,0.439,0.024,NA,0.049,NA,0.488,0,0,0,0,0,0,0,0,0,0,0,0,0,0,0,0,0,0,NA,NA,NA
"727",817,54,1214,9,112112,"english","striped",0.1,"solid",0.8,"square",0.1,"red",0.85,"circle",0.9,"blue",0.9,"green",0.95,NA,NA,NA,NA,313,322,221,"True",7,21,15,5,NA,0.196,0.022,0.174,0.022,NA,0.196,0.185,0.207,0,0,0,0,0,0,0,0,0,0,0,0,0,0,0,0,0,0,NA,NA,NA
"728",818,54,915,10,212121,"english","striped",0.9,"blue",0.95,"green",0.05,"square",0.95,"solid",0.1,"cloud",0.1,NA,NA,NA,NA,NA,NA,113,113,321,"False",6,19,19,6,0.033,NA,0.311,0.033,0.295,NA,0.311,NA,0.016,0,0,0,0,0,0,0,0,0,0,0,0,0,0,0,0,0,0,NA,NA,NA
"729",819,54,1687,11,121212,"english","polka-dotted",0.9,"blue",0.95,"solid",0.15,"green",0.15,"cloud",0.95,"circle",0.1,NA,NA,NA,NA,NA,NA,131,213,213,"False",6,7,20,20,0.297,0.031,NA,0.047,NA,0.281,0.297,NA,0.047,0,0,0,0,0,0,0,0,0,0,0,0,0,0,0,0,0,0,NA,NA,NA
"730",820,54,1657,12,121212,"english","polka-dotted",0.1,"green",0.05,"red",1,"solid",0.95,"circle",0.1,"cloud",0.9,NA,NA,NA,NA,NA,NA,112,233,233,"False",6,10,26,26,0.29,0.032,NA,0.306,NA,0.032,NA,0.323,0.016,0,0,0,0,0,0,0,0,0,0,0,0,0,0,0,0,0,0,NA,NA,NA
"731",821,54,1694,13,121212,"english","striped",0.05,"blue",0.05,"green",0.95,"solid",0.95,"square",0.15,"cloud",0.9,NA,NA,NA,NA,NA,NA,113,321,321,"False",6,19,6,6,0.295,NA,0.049,0.311,0.016,NA,0.016,NA,0.311,0,0,0,0,0,0,0,0,0,0,0,0,0,0,0,0,0,0,NA,NA,NA
"732",822,54,935,14,212121,"english","solid",0.9,"cloud",0.1,"red",0.9,"polka-dotted",0.05,"circle",0.9,"green",0.05,NA,NA,NA,NA,NA,NA,133,133,212,"False",6,25,25,11,0.034,0.31,NA,0.31,NA,0.017,NA,0.31,0.017,0,0,0,0,0,0,0,0,0,0,0,0,0,0,0,0,0,0,NA,NA,NA
"733",823,54,824,15,112111,"english","square",0.9,"blue",0.95,"striped",0.95,"red",0.95,"polka-dotted",0,"green",0.9,"cloud",1,"circle",0.95,NA,NA,331,133,222,"True",8,9,25,14,0.152,0.144,0.136,NA,0.144,0,0.144,0.144,0.136,0,0,0,0,0,0,0,0,0,0,0,0,0,0,0,0,0,0,NA,NA,NA
"734",824,54,1749,16,212112,"english","circle",0.95,"blue",0.9,"polka-dotted",1,"green",0.05,"square",0.05,"striped",0.1,NA,NA,NA,NA,NA,NA,223,323,331,"True",6,23,24,9,NA,0.311,0.016,NA,0.033,0.328,0.295,NA,0.016,0,0,0,0,0,0,0,0,0,0,0,0,0,0,0,0,0,0,NA,NA,NA
"735",825,54,151,17,323212,"english","polka-dotted",0.1,"green",0.05,"circle",0,"solid",1,NA,NA,NA,NA,NA,NA,NA,NA,NA,NA,213,233,233,"True",4,20,26,26,NA,0,NA,0.87,NA,0.087,NA,NA,0.043,0,0,0,0,0,0,0,0,0,0,0,0,0,0,0,0,0,0,NA,NA,NA
"736",826,55,2280,3,213232,"English","solid",0.95,"striped",0.5,"circle",0,"red",0.25,NA,NA,NA,NA,NA,NA,NA,NA,NA,NA,222,222,212,"True",4,14,14,11,NA,0,NA,0.559,0.294,NA,NA,0.147,NA,0,0,0,0,0,0,0,0,0,0,0,0,0,0,0,0,0,0,NA,NA,NA
"737",827,55,2273,4,213232,"English","circle",0.05,"blue",0.25,"striped",1,"solid",0.5,NA,NA,NA,NA,NA,NA,NA,NA,NA,NA,211,211,221,"True",4,2,2,5,NA,0.028,NA,0.278,0.556,NA,0.139,NA,NA,0,0,0,0,0,0,0,0,0,0,0,0,0,0,0,0,0,0,NA,NA,NA
"738",828,55,2201,5,323211,"English","square",0.9,"circle",0.9,"blue",0.1,"cloud",0.9,"striped",0.05,NA,NA,NA,NA,NA,NA,NA,NA,321,221,121,"True",5,6,5,4,0.316,0.316,0.316,NA,0.018,NA,0.035,NA,NA,0,0,0,0,0,0,0,0,0,0,0,0,0,0,0,0,0,0,NA,NA,NA
"739",829,55,1901,6,111212,"English","striped",0.9,"blue",0.9,"circle",0.9,"red",0.15,"solid",0.8,"cloud",0,"polka-dotted",0.9,NA,NA,NA,NA,221,132,112,"True",7,5,16,10,0,0.198,NA,0.176,0.198,0.198,0.198,0.033,NA,0,0,0,0,0,0,0,0,0,0,0,0,0,0,0,0,0,0,NA,NA,NA
"740",830,55,1283,7,111111,"English","red",1,"circle",1,"solid",0.9,"polka-dotted",1,"green",1,"square",0.9,"blue",1,"striped",0.95,"cloud",1,131,322,213,"False",9,7,15,20,0.114,0.114,0.103,0.103,0.109,0.114,0.114,0.114,0.114,0,0,0,0,0,0,0,0,0,0,0,0,0,0,0,0,0,0,NA,NA,NA
"741",831,55,818,8,112111,"English","green",1,"circle",0.9,"cloud",0.9,"polka-dotted",0.9,"blue",1,"square",0.9,"red",1,"solid",0.2,NA,NA,212,313,131,"True",8,11,21,7,0.132,0.132,0.132,0.029,NA,0.132,0.147,0.147,0.147,0,0,0,0,0,0,0,0,0,0,0,0,0,0,0,0,0,0,NA,NA,NA
"742",832,55,2159,9,121111,"English","blue",1,"green",1,"polka-dotted",0.85,"striped",0.85,"solid",0.65,"circle",0,"square",1,"red",1,NA,NA,321,233,212,"True",8,6,26,11,NA,0,0.157,0.102,0.134,0.134,0.157,0.157,0.157,0,0,0,0,0,0,0,0,0,0,0,0,0,0,0,0,0,0,NA,NA,NA
"743",833,55,2289,10,213232,"English","cloud",0,"circle",1,"green",0,"polka-dotted",0,NA,NA,NA,NA,NA,NA,NA,NA,NA,NA,133,133,233,"True",4,25,25,26,0,1,NA,NA,NA,0,NA,NA,0,0,0,0,0,0,0,0,0,0,0,0,0,0,0,0,0,0,0,NA,NA,NA
"744",834,55,926,11,212121,"English","blue",1,"cloud",0,"solid",0,"square",1,"striped",1,"red",0,NA,NA,NA,NA,NA,NA,112,112,321,"False",6,10,10,6,0,NA,0.333,0,0.333,NA,0.333,0,NA,0,0,0,0,0,0,0,0,0,0,0,0,0,0,0,0,0,0,NA,NA,NA
"745",835,55,948,12,212121,"English","red",0,"cloud",1,"square",0,"blue",1,"solid",1,"striped",0,NA,NA,NA,NA,NA,NA,322,322,111,"False",6,15,15,1,0.333,NA,0,0.333,0,NA,0.333,0,NA,0,0,0,0,0,0,0,0,0,0,0,0,0,0,0,0,0,0,NA,NA,NA
"746",836,55,312,13,213211,"English","circle",1,"blue",0,"polka-dotted",1,"striped",1,"solid",0.85,"cloud",0.05,NA,NA,NA,NA,NA,NA,121,131,211,"True",6,4,7,2,0.013,0.256,NA,0.218,0.256,0.256,0,NA,NA,0,0,0,0,0,0,0,0,0,0,0,0,0,0,0,0,0,0,NA,NA,NA
"747",837,55,777,14,211212,"English","cloud",1,"striped",0.9,"green",0.9,"red",0,"solid",0,"square",0.5,NA,NA,NA,NA,NA,NA,122,312,313,"True",6,13,12,21,0.303,NA,0.152,0,0.273,NA,NA,0,0.273,0,0,0,0,0,0,0,0,0,0,0,0,0,0,0,0,0,0,NA,NA,NA
"748",838,55,1973,15,323232,"English","circle",1,"green",1,"striped",1,NA,NA,NA,NA,NA,NA,NA,NA,NA,NA,NA,NA,223,223,223,"False",3,23,23,23,NA,0.333,NA,NA,0.333,NA,NA,NA,0.333,0,0,0,0,0,0,0,0,0,0,0,0,0,0,0,0,0,0,NA,NA,NA
"749",839,55,498,16,211111,"English","circle",1,"cloud",1,"striped",0.5,"green",1,"blue",0.95,"red",1,"square",0.9,"polka-dotted",1,NA,NA,221,323,132,"True",8,5,24,16,0.136,0.136,0.122,NA,0.068,0.136,0.129,0.136,0.136,0,0,0,0,0,0,0,0,0,0,0,0,0,0,0,0,0,0,NA,NA,NA
"750",840,55,1985,17,323232,"English","solid",1,"blue",1,"cloud",1,NA,NA,NA,NA,NA,NA,NA,NA,NA,NA,NA,NA,111,111,111,"False",3,1,1,1,0.333,NA,NA,0.333,NA,NA,0.333,NA,NA,0,0,0,0,0,0,0,0,0,0,0,0,0,0,0,0,0,0,NA,NA,NA
"751",841,56,822,3,112111,"English","green",0.1,"striped",1,"blue",0.85,"polka-dotted",0.85,"square",0.9,"circle",0.8,"solid",0,"cloud",0.85,NA,NA,123,313,231,"True",8,22,21,8,0.159,0.15,0.168,0,0.187,0.159,0.159,NA,0.019,0,0,0,0,0,0,0,0,0,0,0,0,0,0,0,0,0,0,NA,NA,NA
"752",842,56,574,4,213212,"English","polka-dotted",0.05,"striped",1,"cloud",1,"circle",1,"green",0,NA,NA,NA,NA,NA,NA,NA,NA,133,233,223,"True",5,25,26,23,0.328,0.328,NA,NA,0.328,0.016,NA,NA,0,0,0,0,0,0,0,0,0,0,0,0,0,0,0,0,0,0,0,NA,NA,NA
"753",843,56,928,5,212121,"English","square",0,"green",0,"solid",0,"striped",0.65,"blue",1,"circle",1,NA,NA,NA,NA,NA,NA,323,323,211,"False",6,24,24,2,NA,0.377,0,0,0.245,NA,0.377,NA,0,0,0,0,0,0,0,0,0,0,0,0,0,0,0,0,0,0,0,NA,NA,NA
"754",844,56,740,6,212122,"English","green",0,"polka-dotted",0.8,"blue",0.85,"square",0.85,"striped",0.85,"cloud",0.85,NA,NA,NA,NA,NA,NA,133,123,331,"True",6,25,22,9,0.202,NA,0.202,NA,0.202,0.19,0.202,NA,0,0,0,0,0,0,0,0,0,0,0,0,0,0,0,0,0,0,0,NA,NA,NA
"755",845,56,1963,7,323232,"English","red",0,"square",0,"solid",0,NA,NA,NA,NA,NA,NA,NA,NA,NA,NA,NA,NA,312,312,312,"False",3,12,12,12,NA,NA,0.333,0.333,NA,NA,NA,0.333,NA,0,0,0,0,0,0,0,0,0,0,0,0,0,0,0,0,0,0,NA,NA,NA
"756",846,56,1115,8,321212,"English","cloud",0,"square",1,"blue",0,"striped",1,"polka-dotted",0,NA,NA,NA,NA,NA,NA,NA,NA,321,131,131,"True",5,6,7,7,0,NA,0.5,NA,0.5,0,0,NA,NA,0,0,0,0,0,0,0,0,0,0,0,0,0,0,0,0,0,0,NA,NA,NA
"757",847,56,19,9,122112,"English","polka-dotted",0,"blue",0.15,"square",1,"cloud",1,"striped",1,"red",1,NA,NA,NA,NA,NA,NA,322,331,131,"True",6,15,9,7,0.241,NA,0.241,NA,0.241,0,0.036,0.241,NA,0,0,0,0,0,0,0,0,0,0,0,0,0,0,0,0,0,0,NA,NA,NA
"758",848,56,949,10,212121,"English","striped",1,"red",0,"polka-dotted",0,"circle",1,"green",1,"square",0,NA,NA,NA,NA,NA,NA,332,332,223,"False",6,18,18,23,NA,0.333,0,NA,0.333,0,NA,0,0.333,0,0,0,0,0,0,0,0,0,0,0,0,0,0,0,0,0,0,NA,NA,NA
"759",849,56,1663,11,121212,"English","blue",1,"polka-dotted",1,"striped",0,"circle",1,"red",0,"cloud",0,NA,NA,NA,NA,NA,NA,231,122,122,"False",6,8,13,13,0,0.333,NA,NA,0,0.333,0.333,0,NA,0,0,0,0,0,0,0,0,0,0,0,0,0,0,0,0,0,0,NA,NA,NA
"760",850,56,1960,12,323232,"English","striped",0,"circle",0,"green",0,NA,NA,NA,NA,NA,NA,NA,NA,NA,NA,NA,NA,223,223,223,"False",3,23,23,23,NA,0.333,NA,NA,0.333,NA,NA,NA,0.333,0,0,0,0,0,0,0,0,0,0,0,0,0,0,0,0,0,0,NA,NA,NA
"761",851,56,1426,13,322111,"English","cloud",1,"solid",0.05,"green",0,"circle",1,"blue",1,"square",1,NA,NA,NA,NA,NA,NA,213,113,311,"True",6,20,19,3,0.247,0.247,0.247,0.012,NA,NA,0.247,NA,0,0,0,0,0,0,0,0,0,0,0,0,0,0,0,0,0,0,0,NA,NA,NA
"762",852,56,761,14,211212,"English","red",1,"cloud",1,"polka-dotted",0,"circle",0,"striped",1,"green",0,NA,NA,NA,NA,NA,NA,132,233,223,"True",6,16,26,23,0.333,0,NA,NA,0.333,0,NA,0.333,0,0,0,0,0,0,0,0,0,0,0,0,0,0,0,0,0,0,0,NA,NA,NA
"763",853,56,2087,15,321111,"English","square",1,"polka-dotted",1,"cloud",1,"striped",1,"red",0,"circle",1,"solid",0,NA,NA,NA,NA,312,232,122,"True",7,12,17,13,0.2,0.2,0.2,0,0.2,0.2,NA,0,NA,0,0,0,0,0,0,0,0,0,0,0,0,0,0,0,0,0,0,NA,NA,NA
"764",854,56,2116,16,111112,"English","cloud",1,"red",1,"striped",1,"square",1,"green",1,"blue",1,"solid",0,"circle",1,NA,NA,121,212,313,"True",8,4,11,21,0.143,0.143,0.143,0,0.143,NA,0.143,0.143,0.143,0,0,0,0,0,0,0,0,0,0,0,0,0,0,0,0,0,0,NA,NA,NA
"765",855,56,418,17,321112,"English","red",0,"circle",1,"green",1,"polka-dotted",0,"cloud",1,"square",1,NA,NA,NA,NA,NA,NA,133,232,332,"True",6,25,17,18,0.25,0.25,0.25,NA,NA,0,NA,0,0.25,0,0,0,0,0,0,0,0,0,0,0,0,0,0,0,0,0,0,NA,NA,NA
"766",856,57,1452,3,123211,"English","polka-dotted",0,"cloud",0.75,"square",0,"striped",0,"solid",0,"blue",1,NA,NA,NA,NA,NA,NA,321,131,111,"True",6,6,7,1,0.429,NA,0,0,0,0,0.571,NA,NA,0,0,0,0,0,0,0,0,0,0,0,0,0,0,0,0,0,0,NA,NA,NA
"767",857,57,1866,4,123212,"English","circle",0,"green",1,"solid",0,"striped",0,"square",0.75,NA,NA,NA,NA,NA,NA,NA,NA,223,313,313,"True",5,23,21,21,NA,0,0.429,0,0,NA,NA,NA,0.571,0,0,0,0,0,0,0,0,0,0,0,0,0,0,0,0,0,0,NA,NA,NA
"768",858,57,861,5,112122,"English","solid",0,"polka-dotted",0.7,"square",0,"cloud",0,"blue",0,"circle",0,"green",0.7,NA,NA,NA,NA,233,131,313,"True",7,26,7,21,0,0,0,0,NA,0.5,0,NA,0.5,0,0,0,0,0,0,0,0,0,0,0,0,0,0,0,0,0,0,NA,NA,NA
"769",859,57,1979,6,323232,"English","solid",1,"green",1,"square",1,NA,NA,NA,NA,NA,NA,NA,NA,NA,NA,NA,NA,313,313,313,"False",3,21,21,21,NA,NA,0.333,0.333,NA,NA,NA,NA,0.333,0,0,0,0,0,0,0,0,0,0,0,0,0,0,0,0,0,0,NA,NA,NA
"770",860,57,1994,7,323232,"English","circle",1,"striped",1,"red",1,NA,NA,NA,NA,NA,NA,NA,NA,NA,NA,NA,NA,222,222,222,"False",3,14,14,14,NA,0.333,NA,NA,0.333,NA,NA,0.333,NA,0,0,0,0,0,0,0,0,0,0,0,0,0,0,0,0,0,0,NA,NA,NA
"771",861,57,1614,8,211112,"English","circle",0,"green",0.8,"square",0,"cloud",0,"blue",0,"solid",0,"polka-dotted",0.8,NA,NA,NA,NA,313,133,231,"True",7,21,25,8,0,0,0,0,NA,0.5,0,NA,0.5,0,0,0,0,0,0,0,0,0,0,0,0,0,0,0,0,0,0,NA,NA,NA
"772",862,57,1545,9,322112,"English","cloud",0,"circle",0.8,"red",0.8,"solid",1,"green",0,NA,NA,NA,NA,NA,NA,NA,NA,213,212,112,"True",5,20,11,10,0,0.308,NA,0.385,NA,NA,NA,0.308,0,0,0,0,0,0,0,0,0,0,0,0,0,0,0,0,0,0,0,NA,NA,NA
"773",863,57,1363,10,113211,"English","green",0,"solid",0,"striped",0,"red",0,"blue",0,"square",1,"polka-dotted",0,NA,NA,NA,NA,311,322,333,"True",7,3,15,27,NA,NA,1,0,0,0,0,0,0,0,0,0,0,0,0,0,0,0,0,0,0,0,0,0,0,0,0,NA,NA,NA
"774",864,57,385,11,122132,"English","cloud",1,"polka-dotted",0.8,"blue",0.8,"red",0,"striped",0,NA,NA,NA,NA,NA,NA,NA,NA,121,131,132,"True",5,4,7,16,0.385,NA,NA,NA,0,0.308,0.308,0,NA,0,0,0,0,0,0,0,0,0,0,0,0,0,0,0,0,0,0,NA,NA,NA
"775",865,57,931,12,212121,"English","red",0,"circle",1,"striped",1,"square",0,"blue",1,"solid",0,NA,NA,NA,NA,NA,NA,221,221,312,"False",6,5,5,12,NA,0.333,0,0,0.333,NA,0.333,0,NA,0,0,0,0,0,0,0,0,0,0,0,0,0,0,0,0,0,0,NA,NA,NA
"776",866,57,814,13,112111,"English","green",0,"blue",0,"circle",0,"red",0,"square",0,"polka-dotted",0,"cloud",0,"solid",1,NA,NA,112,213,331,"True",8,10,20,9,0,0,0,1,NA,0,0,0,0,0,0,0,0,0,0,0,0,0,0,0,0,0,0,0,0,0,0,NA,NA,NA
"777",867,57,1984,14,323232,"English","green",1,"solid",1,"circle",1,NA,NA,NA,NA,NA,NA,NA,NA,NA,NA,NA,NA,213,213,213,"False",3,20,20,20,NA,0.333,NA,0.333,NA,NA,NA,NA,0.333,0,0,0,0,0,0,0,0,0,0,0,0,0,0,0,0,0,0,NA,NA,NA
"778",868,57,905,15,212121,"English","square",1,"green",0,"solid",1,"polka-dotted",0,"circle",0,"red",1,NA,NA,NA,NA,NA,NA,312,312,233,"False",6,12,12,26,NA,0,0.333,0.333,NA,0,NA,0.333,0,0,0,0,0,0,0,0,0,0,0,0,0,0,0,0,0,0,0,NA,NA,NA
"779",869,57,2162,16,121111,"English","square",1,"striped",0,"solid",0,"blue",0,"cloud",0,"polka-dotted",0,"red",0,"green",0,NA,NA,122,331,313,"True",8,13,9,21,0,NA,1,0,0,0,0,0,0,0,0,0,0,0,0,0,0,0,0,0,0,0,0,0,0,0,0,NA,NA,NA
"780",870,57,2068,17,321111,"English","solid",0,"circle",0,"striped",0,"cloud",0,"square",0,"green",1,"polka-dotted",0,NA,NA,NA,NA,323,233,113,"True",7,24,26,19,0,0,0,0,0,0,NA,NA,1,0,0,0,0,0,0,0,0,0,0,0,0,0,0,0,0,0,0,NA,NA,NA
"781",871,58,128,3,212111,"English","square",0.05,"circle",0,"striped",1,"cloud",1,"blue",1,"solid",0,"red",0,NA,NA,NA,NA,312,212,121,"True",7,12,11,4,0.328,0,0.016,0,0.328,NA,0.328,0,NA,0,0,0,0,0,0,0,0,0,0,0,0,0,0,0,0,0,0,NA,NA,NA
"782",872,58,1043,4,212212,"English","red",1,"polka-dotted",1,"circle",0,"cloud",1,"green",0,"solid",0,NA,NA,NA,NA,NA,NA,212,132,113,"True",6,11,16,19,0.333,0,NA,0,NA,0.333,NA,0.333,0,0,0,0,0,0,0,0,0,0,0,0,0,0,0,0,0,0,0,NA,NA,NA
"783",873,58,1466,5,123211,"English","blue",1,"striped",1,"green",0,"square",0,"circle",1,"cloud",0,NA,NA,NA,NA,NA,NA,123,321,221,"True",6,22,6,5,0,0.333,0,NA,0.333,NA,0.333,NA,0,0,0,0,0,0,0,0,0,0,0,0,0,0,0,0,0,0,0,NA,NA,NA
"784",874,58,913,6,212121,"English","green",1,"striped",1,"blue",0,"circle",0,"square",1,"solid",0,NA,NA,NA,NA,NA,NA,211,211,323,"False",6,2,2,24,NA,0,0.333,0,0.333,NA,0,NA,0.333,0,0,0,0,0,0,0,0,0,0,0,0,0,0,0,0,0,0,NA,NA,NA
"785",875,58,1200,7,212232,"English","blue",0,"square",1,"green",1,"striped",1,"polka-dotted",0,NA,NA,NA,NA,NA,NA,NA,NA,321,323,331,"True",5,6,24,9,NA,NA,0.333,NA,0.333,0,0,NA,0.333,0,0,0,0,0,0,0,0,0,0,0,0,0,0,0,0,0,0,NA,NA,NA
"786",876,58,1590,8,322121,"English","solid",0,"red",0,"striped",1,"circle",1,"green",1,NA,NA,NA,NA,NA,NA,NA,NA,212,212,223,"True",5,11,11,23,NA,0.333,NA,0,0.333,NA,NA,0,0.333,0,0,0,0,0,0,0,0,0,0,0,0,0,0,0,0,0,0,NA,NA,NA
"787",877,58,921,9,212121,"English","striped",1,"red",0,"square",0,"polka-dotted",0,"cloud",1,"blue",1,NA,NA,NA,NA,NA,NA,332,332,121,"False",6,18,18,4,0.333,NA,0,NA,0.333,0,0.333,0,NA,0,0,0,0,0,0,0,0,0,0,0,0,0,0,0,0,0,0,NA,NA,NA
"788",878,58,1968,10,323232,"English","square",1,"green",1,"striped",1,NA,NA,NA,NA,NA,NA,NA,NA,NA,NA,NA,NA,323,323,323,"False",3,24,24,24,NA,NA,0.333,NA,0.333,NA,NA,NA,0.333,0,0,0,0,0,0,0,0,0,0,0,0,0,0,0,0,0,0,NA,NA,NA
"789",879,58,506,11,112132,"English","striped",1,"green",1,"blue",0,"solid",0.05,"square",0.95,"red",0,NA,NA,NA,NA,NA,NA,312,311,323,"True",6,12,3,24,NA,NA,0.317,0.017,0.333,NA,0,0,0.333,0,0,0,0,0,0,0,0,0,0,0,0,0,0,0,0,0,0,NA,NA,NA
"790",880,58,2275,12,213232,"English","circle",1,"polka-dotted",0.95,"striped",0.05,"blue",1,NA,NA,NA,NA,NA,NA,NA,NA,NA,NA,221,221,231,"True",4,5,5,8,NA,0.333,NA,NA,0.017,0.317,0.333,NA,NA,0,0,0,0,0,0,0,0,0,0,0,0,0,0,0,0,0,0,NA,NA,NA
"791",881,58,1800,13,322132,"English","solid",1,"circle",1,"polka-dotted",0.05,"red",1,NA,NA,NA,NA,NA,NA,NA,NA,NA,NA,232,232,212,"True",4,17,17,11,NA,0.328,NA,0.328,NA,0.016,NA,0.328,NA,0,0,0,0,0,0,0,0,0,0,0,0,0,0,0,0,0,0,NA,NA,NA
"792",882,58,1295,14,111111,"English","green",0.95,"solid",0.95,"square",0,"striped",0.05,"polka-dotted",0.05,"circle",0.95,"red",0,"cloud",0.05,"blue",0.05,213,122,331,"False",9,20,13,9,0.016,0.311,0,0.311,0.016,0.016,0.016,0,0.311,0,0,0,0,0,0,0,0,0,0,0,0,0,0,0,0,0,0,NA,NA,NA
"793",883,58,938,15,212121,"English","red",0.05,"solid",0.95,"circle",0.05,"cloud",1,"polka-dotted",0,"blue",1,NA,NA,NA,NA,NA,NA,232,232,111,"False",6,17,17,1,0.328,0.016,NA,0.311,NA,0,0.328,0.016,NA,0,0,0,0,0,0,0,0,0,0,0,0,0,0,0,0,0,0,NA,NA,NA
"794",884,58,779,16,211212,"English","striped",0,"polka-dotted",1,"blue",0,"red",1,"square",1,"circle",0,NA,NA,NA,NA,NA,NA,332,321,221,"True",6,18,6,5,NA,0,0.333,NA,0,0.333,0,0.333,NA,0,0,0,0,0,0,0,0,0,0,0,0,0,0,0,0,0,0,NA,NA,NA
"795",885,58,265,17,212222,"English","red",1,"square",0,"green",0,"striped",0.05,"cloud",1,"polka-dotted",1,NA,NA,NA,NA,NA,NA,322,132,323,"True",6,15,16,24,0.328,NA,0,NA,0.016,0.328,NA,0.328,0,0,0,0,0,0,0,0,0,0,0,0,0,0,0,0,0,0,0,NA,NA,NA
"796",886,59,224,3,212132,"English","circle",0.65,"striped",0.75,"green",0.15,"polka-dotted",0.5,"cloud",0.65,NA,NA,NA,NA,NA,NA,NA,NA,133,133,223,"True",5,25,25,23,0.241,0.241,NA,NA,0.278,0.185,NA,NA,0.056,0,0,0,0,0,0,0,0,0,0,0,0,0,0,0,0,0,0,NA,NA,NA
"797",887,59,118,4,212111,"English","cloud",0.7,"striped",0.8,"green",0.65,"circle",0.75,"red",0.7,"blue",0.7,"solid",0.75,NA,NA,NA,NA,221,222,113,"True",7,5,14,19,0.139,0.149,NA,0.149,0.158,NA,0.139,0.139,0.129,0,0,0,0,0,0,0,0,0,0,0,0,0,0,0,0,0,0,NA,NA,NA
"798",888,59,1797,5,322132,"English","circle",0.05,"striped",0.15,"polka-dotted",0.7,"green",0,NA,NA,NA,NA,NA,NA,NA,NA,NA,NA,223,223,233,"True",4,23,23,26,NA,0.056,NA,NA,0.167,0.778,NA,NA,0,0,0,0,0,0,0,0,0,0,0,0,0,0,0,0,0,0,0,NA,NA,NA
"799",889,59,1212,6,112112,"English","square",0.75,"cloud",0.75,"circle",0.75,"red",0.5,"polka-dotted",0.7,"striped",0.5,"blue",0.9,NA,NA,NA,NA,332,222,121,"True",7,18,14,4,0.155,0.155,0.155,NA,0.103,0.144,0.186,0.103,NA,0,0,0,0,0,0,0,0,0,0,0,0,0,0,0,0,0,0,NA,NA,NA
"800",890,59,1228,7,112112,"English","striped",0.85,"blue",0.85,"red",0.5,"solid",0.5,"cloud",0.85,"square",0.85,"circle",0.8,NA,NA,NA,NA,211,112,322,"True",7,2,10,15,0.163,0.154,0.163,0.096,0.163,NA,0.163,0.096,NA,0,0,0,0,0,0,0,0,0,0,0,0,0,0,0,0,0,0,NA,NA,NA
"801",891,59,1981,8,323232,"English","circle",0.5,"solid",0.45,"blue",0.5,NA,NA,NA,NA,NA,NA,NA,NA,NA,NA,NA,NA,211,211,211,"False",3,2,2,2,NA,0.345,NA,0.31,NA,NA,0.345,NA,NA,0,0,0,0,0,0,0,0,0,0,0,0,0,0,0,0,0,0,NA,NA,NA
"802",892,59,921,9,212121,"English","cloud",0.85,"blue",0.85,"square",0.25,"striped",0.75,"red",0.4,"polka-dotted",0.5,NA,NA,NA,NA,NA,NA,332,332,121,"False",6,18,18,4,0.236,NA,0.069,NA,0.208,0.139,0.236,0.111,NA,0,0,0,0,0,0,0,0,0,0,0,0,0,0,0,0,0,0,NA,NA,NA
"803",893,59,1151,10,212232,"English","solid",0.8,"polka-dotted",0.5,"green",0.5,"red",0.8,"cloud",0.05,NA,NA,NA,NA,NA,NA,NA,NA,133,113,132,"True",5,25,19,16,0.019,NA,NA,0.302,NA,0.189,NA,0.302,0.189,0,0,0,0,0,0,0,0,0,0,0,0,0,0,0,0,0,0,NA,NA,NA
"804",894,59,937,11,212121,"English","solid",0.85,"cloud",0.95,"blue",0.5,"square",0.55,"striped",0.5,"red",0.8,NA,NA,NA,NA,NA,NA,321,321,112,"False",6,6,6,10,0.229,NA,0.133,0.205,0.12,NA,0.12,0.193,NA,0,0,0,0,0,0,0,0,0,0,0,0,0,0,0,0,0,0,NA,NA,NA
"805",895,59,106,12,212111,"English","square",0.9,"red",0.9,"striped",0.95,"blue",0.5,"circle",0.5,"solid",0.5,"green",0.95,NA,NA,NA,NA,212,213,321,"True",7,11,20,6,NA,0.096,0.173,0.096,0.183,NA,0.096,0.173,0.183,0,0,0,0,0,0,0,0,0,0,0,0,0,0,0,0,0,0,NA,NA,NA
"806",896,59,1022,13,212212,"English","green",0.9,"solid",0.85,"striped",0.5,"blue",0.5,"square",0.5,"circle",0.95,NA,NA,NA,NA,NA,NA,323,221,311,"True",6,24,5,3,NA,0.226,0.119,0.202,0.119,NA,0.119,NA,0.214,0,0,0,0,0,0,0,0,0,0,0,0,0,0,0,0,0,0,NA,NA,NA
"807",897,59,1668,14,121212,"English","green",0.95,"solid",0.5,"striped",0.9,"cloud",0.95,"circle",0.5,"blue",0.5,NA,NA,NA,NA,NA,NA,123,211,211,"False",6,22,2,2,0.221,0.116,NA,0.116,0.209,NA,0.116,NA,0.221,0,0,0,0,0,0,0,0,0,0,0,0,0,0,0,0,0,0,NA,NA,NA
"808",898,59,796,15,211212,"English","cloud",0.5,"red",0.5,"green",0.9,"polka-dotted",0.5,"striped",0.9,"square",0.9,NA,NA,NA,NA,NA,NA,322,132,133,"True",6,15,16,25,0.119,NA,0.214,NA,0.214,0.119,NA,0.119,0.214,0,0,0,0,0,0,0,0,0,0,0,0,0,0,0,0,0,0,NA,NA,NA
"809",899,59,1694,16,121212,"English","striped",0.5,"cloud",0.95,"blue",0.5,"green",0.85,"square",0.5,"solid",0.65,NA,NA,NA,NA,NA,NA,113,321,321,"False",6,19,6,6,0.241,NA,0.127,0.165,0.127,NA,0.127,NA,0.215,0,0,0,0,0,0,0,0,0,0,0,0,0,0,0,0,0,0,NA,NA,NA
"810",900,59,1786,17,322132,"English","polka-dotted",0.05,"cloud",0.95,"red",0.05,"circle",0.5,NA,NA,NA,NA,NA,NA,NA,NA,NA,NA,232,232,132,"True",4,17,17,16,0.613,0.323,NA,NA,NA,0.032,NA,0.032,NA,0,0,0,0,0,0,0,0,0,0,0,0,0,0,0,0,0,0,NA,NA,NA
"811",901,60,1399,3,113211,"english","striped",1,"red",0,"blue",1,"square",0,"green",0,"circle",1,"cloud",0,NA,NA,NA,NA,123,221,322,"True",7,22,5,15,0,0.333,0,NA,0.333,NA,0.333,0,0,0,0,0,0,0,0,0,0,0,0,0,0,0,0,0,0,0,0,NA,NA,NA
"812",902,60,1543,4,322112,"english","cloud",1,"blue",1,"red",0,"circle",0,"striped",1,NA,NA,NA,NA,NA,NA,NA,NA,221,121,122,"True",5,5,4,13,0.333,0,NA,NA,0.333,NA,0.333,0,NA,0,0,0,0,0,0,0,0,0,0,0,0,0,0,0,0,0,0,NA,NA,NA
"813",903,60,1296,5,111111,"english","square",1,"cloud",0,"blue",0,"solid",1,"circle",0,"polka-dotted",0,"striped",0,"red",0,"green",1,231,313,122,"False",9,8,21,13,0,0,0.333,0.333,0,0,0,0,0.333,0,0,0,0,0,0,0,0,0,0,0,0,0,0,0,0,0,0,NA,NA,NA
"814",904,60,1984,6,323232,"english","circle",1,"solid",1,"green",1,NA,NA,NA,NA,NA,NA,NA,NA,NA,NA,NA,NA,213,213,213,"False",3,20,20,20,NA,0.333,NA,0.333,NA,NA,NA,NA,0.333,0,0,0,0,0,0,0,0,0,0,0,0,0,0,0,0,0,0,NA,NA,NA
"815",905,60,2331,7,123232,"english","striped",1,"solid",0,"square",1,"red",1,NA,NA,NA,NA,NA,NA,NA,NA,NA,NA,312,322,322,"True",4,12,15,15,NA,NA,0.333,0,0.333,NA,NA,0.333,NA,0,0,0,0,0,0,0,0,0,0,0,0,0,0,0,0,0,0,NA,NA,NA
"816",906,60,1664,8,121212,"english","striped",1,"cloud",0,"solid",0,"square",1,"green",0,"blue",1,NA,NA,NA,NA,NA,NA,321,113,113,"False",6,6,19,19,0,NA,0.333,0,0.333,NA,0.333,NA,0,0,0,0,0,0,0,0,0,0,0,0,0,0,0,0,0,0,0,NA,NA,NA
"817",907,60,1276,9,111111,"english","blue",1,"polka-dotted",0,"striped",1,"solid",0,"square",0,"circle",1,"red",0,"green",0,"cloud",0,221,113,332,"False",9,5,19,18,0,0.333,0,0,0.333,0,0.333,0,0,0,0,0,0,0,0,0,0,0,0,0,0,0,0,0,0,0,0,NA,NA,NA
"818",908,60,787,10,211212,"english","solid",1,"striped",0,"red",1,"circle",1,"blue",0,"square",0,NA,NA,NA,NA,NA,NA,212,311,321,"True",6,11,3,6,NA,0.333,0,0.333,0,NA,0,0.333,NA,0,0,0,0,0,0,0,0,0,0,0,0,0,0,0,0,0,0,NA,NA,NA
"819",909,60,618,11,112121,"english","square",1,"blue",1,"green",0,"circle",0,"striped",0,"cloud",0,"polka-dotted",1,NA,NA,NA,NA,123,223,331,"True",7,22,23,9,0,0,0.333,NA,0,0.333,0.333,NA,0,0,0,0,0,0,0,0,0,0,0,0,0,0,0,0,0,0,0,NA,NA,NA
"820",910,60,1438,12,322111,"english","polka-dotted",1,"green",0,"striped",0,"solid",0,"red",1,"square",1,NA,NA,NA,NA,NA,NA,323,313,332,"True",6,24,21,18,NA,NA,0.333,0,0,0.333,NA,0.333,0,0,0,0,0,0,0,0,0,0,0,0,0,0,0,0,0,0,0,NA,NA,NA
"821",911,60,1874,13,123212,"english","green",1,"striped",0,"square",1,"red",0,"polka-dotted",1,NA,NA,NA,NA,NA,NA,NA,NA,333,322,322,"True",5,27,15,15,NA,NA,0.333,NA,0,0.333,NA,0,0.333,0,0,0,0,0,0,0,0,0,0,0,0,0,0,0,0,0,0,NA,NA,NA
"822",912,60,221,14,212132,"english","square",1,"polka-dotted",1,"circle",0,"blue",0,"green",1,NA,NA,NA,NA,NA,NA,NA,NA,333,333,231,"True",5,27,27,8,NA,0,0.333,NA,NA,0.333,0,NA,0.333,0,0,0,0,0,0,0,0,0,0,0,0,0,0,0,0,0,0,NA,NA,NA
"823",913,60,1421,15,322111,"english","cloud",1,"square",0,"striped",0,"polka-dotted",1,"circle",0,"green",1,NA,NA,NA,NA,NA,NA,133,333,223,"True",6,25,27,23,0.333,0,0,NA,0,0.333,NA,NA,0.333,0,0,0,0,0,0,0,0,0,0,0,0,0,0,0,0,0,0,NA,NA,NA
"824",914,60,93,16,122111,"english","striped",1,"blue",0,"cloud",1,"solid",0,"red",1,"green",0,"square",0,NA,NA,NA,NA,313,111,122,"True",7,21,1,13,0.333,NA,0,0,0.333,NA,0,0.333,0,0,0,0,0,0,0,0,0,0,0,0,0,0,0,0,0,0,0,NA,NA,NA
"825",915,60,906,17,212121,"english","blue",1,"circle",1,"red",0,"solid",0,"striped",1,"square",0,NA,NA,NA,NA,NA,NA,312,312,221,"False",6,12,12,5,NA,0.333,0,0,0.333,NA,0.333,0,NA,0,0,0,0,0,0,0,0,0,0,0,0,0,0,0,0,0,0,NA,NA,NA
"826",916,61,805,3,112111,"English","circle",0.65,"red",0.65,"striped",0.65,"polka-dotted",0.4,"green",0.3,"square",0.3,"blue",0.2,"cloud",0.2,NA,NA,222,323,131,"True",8,14,24,7,0.06,0.194,0.09,NA,0.194,0.119,0.06,0.194,0.09,0,0,0,0,0,0,0,0,0,0,0,0,0,0,0,0,0,0,NA,NA,NA
"827",917,61,2215,4,323211,"English","polka-dotted",0.95,"striped",0.1,"solid",0.05,"square",0.95,"red",1,NA,NA,NA,NA,NA,NA,NA,NA,312,322,332,"True",5,12,15,18,NA,NA,0.311,0.016,0.033,0.311,NA,0.328,NA,0,0,0,0,0,0,0,0,0,0,0,0,0,0,0,0,0,0,NA,NA,NA
"828",918,61,1265,5,111111,"English","square",0,"blue",0.05,"circle",0,"polka-dotted",0.05,"striped",0,"cloud",1,"green",0,"solid",0.95,"red",1,321,112,233,"False",9,6,10,26,0.328,0,0,0.311,0,0.016,0.016,0.328,0,0,0,0,0,0,0,0,0,0,0,0,0,0,0,0,0,0,0,NA,NA,NA
"829",919,61,891,6,112122,"English","polka-dotted",0,"red",0,"striped",0,"square",0.95,"cloud",0,"solid",1,"blue",1,NA,NA,NA,NA,322,311,132,"True",7,15,3,16,0,NA,0.322,0.339,0,0,0.339,0,NA,0,0,0,0,0,0,0,0,0,0,0,0,0,0,0,0,0,0,NA,NA,NA
"830",920,61,1894,7,123212,"English","polka-dotted",1,"square",1,"striped",0,"green",0,"blue",1,NA,NA,NA,NA,NA,NA,NA,NA,331,323,323,"True",5,9,24,24,NA,NA,0.333,NA,0,0.333,0.333,NA,0,0,0,0,0,0,0,0,0,0,0,0,0,0,0,0,0,0,0,NA,NA,NA
"831",921,61,1014,8,212212,"English","square",0,"polka-dotted",0.05,"blue",1,"cloud",1,"solid",1,"green",0,NA,NA,NA,NA,NA,NA,133,313,111,"True",6,25,21,1,0.328,NA,0,0.328,NA,0.016,0.328,NA,0,0,0,0,0,0,0,0,0,0,0,0,0,0,0,0,0,0,0,NA,NA,NA
"832",922,61,1740,9,212112,"English","red",0.95,"solid",0,"polka-dotted",1,"green",0,"square",1,"cloud",0,NA,NA,NA,NA,NA,NA,113,112,332,"True",6,19,10,18,0,NA,0.339,0,NA,0.339,NA,0.322,0,0,0,0,0,0,0,0,0,0,0,0,0,0,0,0,0,0,0,NA,NA,NA
"833",923,61,1957,10,323232,"English","red",1,"square",0.95,"polka-dotted",0.95,NA,NA,NA,NA,NA,NA,NA,NA,NA,NA,NA,NA,332,332,332,"False",3,18,18,18,NA,NA,0.328,NA,NA,0.328,NA,0.345,NA,0,0,0,0,0,0,0,0,0,0,0,0,0,0,0,0,0,0,NA,NA,NA
"834",924,61,1622,11,211112,"English","polka-dotted",0,"red",0,"blue",0.05,"square",0,"solid",1,"green",0.95,"cloud",1,NA,NA,NA,NA,331,312,113,"True",7,9,12,19,0.333,NA,0,0.333,NA,0,0.017,0,0.317,0,0,0,0,0,0,0,0,0,0,0,0,0,0,0,0,0,0,NA,NA,NA
"835",925,61,1532,12,322112,"English","circle",1,"solid",1,"red",1,"cloud",0,"polka-dotted",0,NA,NA,NA,NA,NA,NA,NA,NA,132,232,212,"True",5,16,17,11,0,0.333,NA,0.333,NA,0,NA,0.333,NA,0,0,0,0,0,0,0,0,0,0,0,0,0,0,0,0,0,0,NA,NA,NA
"836",926,61,1262,13,111111,"English","square",0,"striped",0.05,"polka-dotted",0,"green",1,"red",0,"solid",1,"cloud",0.05,"blue",0,"circle",1,332,121,213,"False",9,18,4,20,0.016,0.323,0,0.323,0.016,0,0,0,0.323,0,0,0,0,0,0,0,0,0,0,0,0,0,0,0,0,0,0,NA,NA,NA
"837",927,61,1908,14,111212,"English","striped",0,"green",0,"red",1,"solid",0,"polka-dotted",1,"circle",1,"square",0,NA,NA,NA,NA,232,323,313,"True",7,17,24,21,NA,0.333,0,0,0,0.333,NA,0.333,0,0,0,0,0,0,0,0,0,0,0,0,0,0,0,0,0,0,0,NA,NA,NA
"838",928,61,856,15,112122,"English","solid",0,"square",1,"circle",0,"blue",0,"green",1,"polka-dotted",1,"red",0,NA,NA,NA,NA,231,212,333,"True",7,8,11,27,NA,0,0.333,0,NA,0.333,0,0,0.333,0,0,0,0,0,0,0,0,0,0,0,0,0,0,0,0,0,0,NA,NA,NA
"839",929,61,1287,16,111111,"English","blue",0,"cloud",1,"red",1,"polka-dotted",0,"solid",1,"circle",0,"green",0,"striped",0,"square",0,112,333,221,"False",9,10,27,5,0.333,0,0,0.333,0,0,0,0.333,0,0,0,0,0,0,0,0,0,0,0,0,0,0,0,0,0,0,0,NA,NA,NA
"840",930,61,1659,17,121212,"English","blue",0,"square",0.95,"green",1,"solid",0.05,"cloud",0,"polka-dotted",1,NA,NA,NA,NA,NA,NA,333,111,111,"False",6,27,1,1,0,NA,0.317,0.017,NA,0.333,0,NA,0.333,0,0,0,0,0,0,0,0,0,0,0,0,0,0,0,0,0,0,NA,NA,NA
"841",931,62,2079,3,321111,"ENGLISH","polka-dotted",0.75,"square",0.65,"striped",0.65,"red",0.7,"solid",0.9,"cloud",0.75,"circle",0.8,NA,NA,NA,NA,212,122,332,"True",7,11,13,18,0.144,0.154,0.125,0.173,0.125,0.144,NA,0.135,NA,0,0,0,0,0,0,0,0,0,0,0,0,0,0,0,0,0,0,NA,NA,NA
"842",932,62,89,4,122111,"ENGLISH","circle",0.6,"green",0.65,"striped",0.65,"cloud",0.75,"polka-dotted",0.7,"red",0.7,"square",0.7,NA,NA,NA,NA,122,323,233,"True",7,13,24,26,0.158,0.126,0.147,NA,0.137,0.147,NA,0.147,0.137,0,0,0,0,0,0,0,0,0,0,0,0,0,0,0,0,0,0,NA,NA,NA
"843",933,62,1034,5,212212,"ENGLISH","green",0.65,"blue",0.8,"cloud",0.75,"striped",0.7,"circle",0.75,"polka-dotted",0.7,NA,NA,NA,NA,NA,NA,221,123,233,"True",6,5,22,26,0.172,0.172,NA,NA,0.161,0.161,0.184,NA,0.149,0,0,0,0,0,0,0,0,0,0,0,0,0,0,0,0,0,0,NA,NA,NA
"844",934,62,1286,6,111111,"ENGLISH","green",0.8,"red",0.75,"solid",0.7,"polka-dotted",0.65,"striped",0.7,"blue",0.65,"circle",0.65,"square",0.65,"cloud",0.6,211,122,333,"False",9,2,13,27,0.098,0.106,0.106,0.114,0.114,0.106,0.106,0.122,0.13,0,0,0,0,0,0,0,0,0,0,0,0,0,0,0,0,0,0,NA,NA,NA
"845",935,62,141,7,212111,"ENGLISH","cloud",0.75,"red",0.7,"circle",0.7,"solid",0.75,"square",0.7,"green",0.7,"striped",0.6,NA,NA,NA,NA,213,113,322,"True",7,20,19,15,0.153,0.143,0.143,0.153,0.122,NA,NA,0.143,0.143,0,0,0,0,0,0,0,0,0,0,0,0,0,0,0,0,0,0,NA,NA,NA
"846",936,62,2316,8,123232,"ENGLISH","solid",0.75,"blue",0.8,"red",0.7,"square",0.7,NA,NA,NA,NA,NA,NA,NA,NA,NA,NA,312,311,311,"True",4,12,3,3,NA,NA,0.237,0.254,NA,NA,0.271,0.237,NA,0,0,0,0,0,0,0,0,0,0,0,0,0,0,0,0,0,0,NA,NA,NA
"847",937,62,1689,9,121212,"ENGLISH","square",0.7,"striped",0.7,"polka-dotted",0.7,"green",0.75,"red",0.75,"cloud",0.7,NA,NA,NA,NA,NA,NA,133,322,322,"False",6,25,15,15,0.163,NA,0.163,NA,0.163,0.163,NA,0.174,0.174,0,0,0,0,0,0,0,0,0,0,0,0,0,0,0,0,0,0,NA,NA,NA
"848",938,62,1963,10,323232,"ENGLISH","square",0.8,"red",0.75,"solid",0.7,NA,NA,NA,NA,NA,NA,NA,NA,NA,NA,NA,NA,312,312,312,"False",3,12,12,12,NA,NA,0.356,0.311,NA,NA,NA,0.333,NA,0,0,0,0,0,0,0,0,0,0,0,0,0,0,0,0,0,0,NA,NA,NA
"849",939,62,1269,11,111111,"ENGLISH","striped",0.6,"circle",0.6,"green",0.6,"solid",0.6,"cloud",0.55,"square",0.55,"red",0.65,"polka-dotted",0.6,"blue",0.7,322,131,213,"False",9,15,7,20,0.101,0.11,0.101,0.11,0.11,0.11,0.128,0.119,0.11,0,0,0,0,0,0,0,0,0,0,0,0,0,0,0,0,0,0,NA,NA,NA
"850",940,62,1977,12,323232,"ENGLISH","cloud",0.75,"polka-dotted",0.75,"blue",0.75,NA,NA,NA,NA,NA,NA,NA,NA,NA,NA,NA,NA,131,131,131,"False",3,7,7,7,0.333,NA,NA,NA,NA,0.333,0.333,NA,NA,0,0,0,0,0,0,0,0,0,0,0,0,0,0,0,0,0,0,NA,NA,NA
"851",941,62,69,13,122111,"ENGLISH","cloud",0.75,"red",0.85,"blue",0.8,"polka-dotted",0.8,"square",0.85,"circle",0.85,"striped",0.9,NA,NA,NA,NA,122,221,331,"True",7,13,5,9,0.129,0.147,0.147,NA,0.155,0.138,0.138,0.147,NA,0,0,0,0,0,0,0,0,0,0,0,0,0,0,0,0,0,0,NA,NA,NA
"852",942,62,1855,14,123212,"ENGLISH","red",0.8,"solid",0.8,"square",0.75,"green",0.7,"polka-dotted",0.65,NA,NA,NA,NA,NA,NA,NA,NA,313,332,332,"True",5,21,18,18,NA,NA,0.203,0.216,NA,0.176,NA,0.216,0.189,0,0,0,0,0,0,0,0,0,0,0,0,0,0,0,0,0,0,NA,NA,NA
"853",943,62,170,15,323212,"ENGLISH","striped",0.8,"solid",0.8,"red",0.8,"circle",0.8,NA,NA,NA,NA,NA,NA,NA,NA,NA,NA,212,222,222,"True",4,11,14,14,NA,0.25,NA,0.25,0.25,NA,NA,0.25,NA,0,0,0,0,0,0,0,0,0,0,0,0,0,0,0,0,0,0,NA,NA,NA
"854",944,62,2211,16,323211,"ENGLISH","green",0.65,"striped",0.65,"red",0.65,"circle",0.7,"blue",0.95,NA,NA,NA,NA,NA,NA,NA,NA,221,223,222,"True",5,5,23,14,NA,0.194,NA,NA,0.181,NA,0.264,0.181,0.181,0,0,0,0,0,0,0,0,0,0,0,0,0,0,0,0,0,0,NA,NA,NA
"855",945,62,251,17,212222,"ENGLISH","red",0.95,"cloud",0.9,"square",0.95,"solid",0.85,"polka-dotted",0.9,"green",0.9,NA,NA,NA,NA,NA,NA,333,132,313,"True",6,27,16,21,0.165,NA,0.174,0.156,NA,0.165,NA,0.174,0.165,0,0,0,0,0,0,0,0,0,0,0,0,0,0,0,0,0,0,NA,NA,NA
"856",946,63,1282,3,111111,"english","square",1,"polka-dotted",0.9,"green",1,"solid",1,"circle",0.85,"cloud",1,"striped",1,"red",0.9,"blue",1,332,221,113,"False",9,18,5,19,0.116,0.098,0.116,0.116,0.116,0.104,0.116,0.104,0.116,0,0,0,0,0,0,0,0,0,0,0,0,0,0,0,0,0,0,NA,NA,NA
"857",947,63,2272,4,213232,"english","red",0.8,"polka-dotted",1,"square",1,"green",1,NA,NA,NA,NA,NA,NA,NA,NA,NA,NA,333,333,332,"True",4,27,27,18,NA,NA,0.263,NA,NA,0.263,NA,0.211,0.263,0,0,0,0,0,0,0,0,0,0,0,0,0,0,0,0,0,0,NA,NA,NA
"858",948,63,1070,5,113212,"english","green",0.85,"square",1,"solid",1,"red",0.95,"cloud",0.85,"blue",1,NA,NA,NA,NA,NA,NA,312,113,111,"True",6,12,19,1,0.15,NA,0.177,0.177,NA,NA,0.177,0.168,0.15,0,0,0,0,0,0,0,0,0,0,0,0,0,0,0,0,0,0,NA,NA,NA
"859",949,63,228,6,212132,"english","cloud",1,"circle",0.85,"striped",1,"solid",0.95,"red",1,NA,NA,NA,NA,NA,NA,NA,NA,212,212,122,"True",5,11,11,13,0.208,0.177,NA,0.198,0.208,NA,NA,0.208,NA,0,0,0,0,0,0,0,0,0,0,0,0,0,0,0,0,0,0,NA,NA,NA
"860",950,63,1173,7,212232,"english","square",0.85,"green",1,"circle",1,"blue",0.85,"striped",1,NA,NA,NA,NA,NA,NA,NA,NA,223,323,221,"True",5,23,24,5,NA,0.213,0.181,NA,0.213,NA,0.181,NA,0.213,0,0,0,0,0,0,0,0,0,0,0,0,0,0,0,0,0,0,NA,NA,NA
"861",951,63,2004,8,322122,"english","green",0.95,"blue",1,"striped",1,"cloud",0.9,"solid",1,NA,NA,NA,NA,NA,NA,NA,NA,111,113,121,"True",5,1,19,4,0.186,NA,NA,0.206,0.206,NA,0.206,NA,0.196,0,0,0,0,0,0,0,0,0,0,0,0,0,0,0,0,0,0,NA,NA,NA
"862",952,63,1958,9,323232,"english","red",0.95,"striped",1,"circle",1,NA,NA,NA,NA,NA,NA,NA,NA,NA,NA,NA,NA,222,222,222,"False",3,14,14,14,NA,0.339,NA,NA,0.339,NA,NA,0.322,NA,0,0,0,0,0,0,0,0,0,0,0,0,0,0,0,0,0,0,NA,NA,NA
"863",953,63,1681,10,121212,"english","solid",1,"red",0.9,"cloud",0.95,"circle",0.95,"green",1,"polka-dotted",0.9,NA,NA,NA,NA,NA,NA,132,213,213,"False",6,16,20,20,0.167,0.167,NA,0.175,NA,0.158,NA,0.158,0.175,0,0,0,0,0,0,0,0,0,0,0,0,0,0,0,0,0,0,NA,NA,NA
"864",954,63,1678,11,121212,"english","green",0.95,"polka-dotted",0.8,"cloud",0.9,"solid",0.95,"red",1,"circle",1,NA,NA,NA,NA,NA,NA,113,232,232,"False",6,19,17,17,0.161,0.179,NA,0.17,NA,0.143,NA,0.179,0.17,0,0,0,0,0,0,0,0,0,0,0,0,0,0,0,0,0,0,NA,NA,NA
"865",955,63,285,12,212222,"english","circle",1,"striped",0.85,"blue",1,"square",1,"red",1,"polka-dotted",1,NA,NA,NA,NA,NA,NA,232,221,332,"True",6,17,5,18,NA,0.171,0.171,NA,0.145,0.171,0.171,0.171,NA,0,0,0,0,0,0,0,0,0,0,0,0,0,0,0,0,0,0,NA,NA,NA
"866",956,63,571,13,213212,"english","red",0.85,"square",0.9,"cloud",1,"blue",1,"solid",0.9,NA,NA,NA,NA,NA,NA,NA,NA,112,111,311,"True",5,10,1,3,0.215,NA,0.194,0.194,NA,NA,0.215,0.183,NA,0,0,0,0,0,0,0,0,0,0,0,0,0,0,0,0,0,0,NA,NA,NA
"867",957,63,2290,14,213232,"english","red",1,"cloud",1,"green",1,"solid",1,NA,NA,NA,NA,NA,NA,NA,NA,NA,NA,112,112,113,"True",4,10,10,19,0.25,NA,NA,0.25,NA,NA,NA,0.25,0.25,0,0,0,0,0,0,0,0,0,0,0,0,0,0,0,0,0,0,NA,NA,NA
"868",958,63,1615,15,211112,"english","square",0.85,"solid",0.85,"striped",1,"green",1,"circle",0.95,"red",0.9,"polka-dotted",0.8,NA,NA,NA,NA,212,332,323,"True",7,11,18,24,NA,0.15,0.134,0.134,0.157,0.126,NA,0.142,0.157,0,0,0,0,0,0,0,0,0,0,0,0,0,0,0,0,0,0,NA,NA,NA
"869",959,63,288,16,212222,"english","cloud",0.9,"square",0.9,"green",1,"striped",0.85,"polka-dotted",1,"red",0.9,NA,NA,NA,NA,NA,NA,132,322,133,"True",6,16,15,25,0.162,NA,0.162,NA,0.153,0.18,NA,0.162,0.18,0,0,0,0,0,0,0,0,0,0,0,0,0,0,0,0,0,0,NA,NA,NA
"870",960,63,1981,17,323232,"english","solid",1,"circle",0.85,"blue",1,NA,NA,NA,NA,NA,NA,NA,NA,NA,NA,NA,NA,211,211,211,"False",3,2,2,2,NA,0.298,NA,0.351,NA,NA,0.351,NA,NA,0,0,0,0,0,0,0,0,0,0,0,0,0,0,0,0,0,0,NA,NA,NA
"871",961,64,1343,3,122122,"english","polka-dotted",0.7,"green",0.3,"blue",0.75,"solid",0.25,"circle",0.8,"square",0.4,NA,NA,NA,NA,NA,NA,333,311,213,"True",6,27,3,20,NA,0.25,0.125,0.078,NA,0.219,0.234,NA,0.094,0,0,0,0,0,0,0,0,0,0,0,0,0,0,0,0,0,0,NA,NA,NA
"872",962,64,718,4,212122,"english","blue",0.2,"striped",0.15,"circle",0.2,"cloud",0.9,"red",0.7,"polka-dotted",0.8,NA,NA,NA,NA,NA,NA,221,231,122,"True",6,5,8,13,0.305,0.068,NA,NA,0.051,0.271,0.068,0.237,NA,0,0,0,0,0,0,0,0,0,0,0,0,0,0,0,0,0,0,NA,NA,NA
"873",963,64,1322,5,122122,"english","cloud",0.15,"circle",0.7,"red",0.15,"solid",0.7,"polka-dotted",0.1,"green",0.7,NA,NA,NA,NA,NA,NA,232,133,112,"True",6,17,25,10,0.06,0.28,NA,0.28,NA,0.04,NA,0.06,0.28,0,0,0,0,0,0,0,0,0,0,0,0,0,0,0,0,0,0,NA,NA,NA
"874",964,64,1103,6,321212,"english","red",0.85,"blue",0,"striped",0,"solid",0.85,"circle",0.05,NA,NA,NA,NA,NA,NA,NA,NA,212,221,221,"True",5,11,5,5,NA,0.029,NA,0.486,0,NA,0,0.486,NA,0,0,0,0,0,0,0,0,0,0,0,0,0,0,0,0,0,0,NA,NA,NA
"875",965,64,923,7,212121,"english","circle",0.05,"red",0.05,"striped",0,"polka-dotted",0.75,"cloud",0.85,"green",0.85,NA,NA,NA,NA,NA,NA,222,222,133,"False",6,14,14,25,0.333,0.02,NA,NA,0,0.294,NA,0.02,0.333,0,0,0,0,0,0,0,0,0,0,0,0,0,0,0,0,0,0,NA,NA,NA
"876",966,64,1676,8,121212,"english","red",0.8,"solid",0,"blue",0,"striped",1,"square",0,"circle",0.9,NA,NA,NA,NA,NA,NA,222,311,311,"False",6,14,3,3,NA,0.333,0,0,0.37,NA,0,0.296,NA,0,0,0,0,0,0,0,0,0,0,0,0,0,0,0,0,0,0,NA,NA,NA
"877",967,64,614,9,112121,"english","polka-dotted",0.1,"solid",0.95,"square",1,"green",0.05,"blue",0,"red",1,"circle",0,NA,NA,NA,NA,233,231,312,"True",7,26,8,12,NA,0,0.323,0.306,NA,0.032,0,0.323,0.016,0,0,0,0,0,0,0,0,0,0,0,0,0,0,0,0,0,0,NA,NA,NA
"878",968,64,1976,10,323232,"english","blue",0,"polka-dotted",0,"square",0,NA,NA,NA,NA,NA,NA,NA,NA,NA,NA,NA,NA,331,331,331,"False",3,9,9,9,NA,NA,0.333,NA,NA,0.333,0.333,NA,NA,0,0,0,0,0,0,0,0,0,0,0,0,0,0,0,0,0,0,NA,NA,NA
"879",969,64,814,11,112111,"english","circle",1,"cloud",0.9,"red",0.95,"square",1,"polka-dotted",0.85,"blue",0.9,"solid",0.85,"green",1,NA,NA,112,213,331,"True",8,10,20,9,0.121,0.134,0.134,0.114,NA,0.114,0.121,0.128,0.134,0,0,0,0,0,0,0,0,0,0,0,0,0,0,0,0,0,0,NA,NA,NA
"880",970,64,1634,12,211112,"english","square",1,"blue",1,"circle",1,"polka-dotted",0,"solid",1,"green",0,"cloud",1,NA,NA,NA,NA,131,333,213,"True",7,7,27,20,0.2,0.2,0.2,0.2,NA,0,0.2,NA,0,0,0,0,0,0,0,0,0,0,0,0,0,0,0,0,0,0,0,NA,NA,NA
"881",971,64,1988,13,323232,"english","blue",0,"striped",0,"square",0,NA,NA,NA,NA,NA,NA,NA,NA,NA,NA,NA,NA,321,321,321,"False",3,6,6,6,NA,NA,0.333,NA,0.333,NA,0.333,NA,NA,0,0,0,0,0,0,0,0,0,0,0,0,0,0,0,0,0,0,NA,NA,NA
"882",972,64,151,14,323212,"english","circle",0,"solid",1,"polka-dotted",0,"green",0,NA,NA,NA,NA,NA,NA,NA,NA,NA,NA,213,233,233,"True",4,20,26,26,NA,0,NA,1,NA,0,NA,NA,0,0,0,0,0,0,0,0,0,0,0,0,0,0,0,0,0,0,0,NA,NA,NA
"883",973,64,2132,15,111112,"english","solid",1,"circle",1,"polka-dotted",1,"blue",1,"striped",1,"green",1,"red",1,"cloud",0,NA,NA,221,113,132,"True",8,5,19,16,0,0.143,NA,0.143,0.143,0.143,0.143,0.143,0.143,0,0,0,0,0,0,0,0,0,0,0,0,0,0,0,0,0,0,NA,NA,NA
"884",974,64,1284,16,111111,"english","striped",1,"red",1,"polka-dotted",1,"green",0.95,"circle",0.9,"cloud",1,"solid",0.9,"blue",1,"square",1,223,111,332,"False",9,23,1,18,0.114,0.103,0.114,0.103,0.114,0.114,0.114,0.114,0.109,0,0,0,0,0,0,0,0,0,0,0,0,0,0,0,0,0,0,NA,NA,NA
"885",975,64,1350,17,122122,"english","cloud",1,"striped",0,"red",0,"circle",0,"solid",1,"green",1,NA,NA,NA,NA,NA,NA,212,223,122,"True",6,11,23,13,0.333,0,NA,0.333,0,NA,NA,0,0.333,0,0,0,0,0,0,0,0,0,0,0,0,0,0,0,0,0,0,NA,NA,NA
"886",991,66,1671,3,121212,"English","green",0,"cloud",0.8,"striped",0.8,"square",0,"red",0.8,"solid",0.1,NA,NA,NA,NA,NA,NA,122,313,313,"False",6,13,21,21,0.32,NA,0,0.04,0.32,NA,NA,0.32,0,0,0,0,0,0,0,0,0,0,0,0,0,0,0,0,0,0,0,NA,NA,NA
"887",992,66,927,4,212121,"English","circle",0.7,"polka-dotted",0.85,"blue",0.8,"solid",0.2,"green",0,"cloud",0.85,NA,NA,NA,NA,NA,NA,131,131,213,"False",6,7,7,20,0.25,0.206,NA,0.059,NA,0.25,0.235,NA,0,0,0,0,0,0,0,0,0,0,0,0,0,0,0,0,0,0,0,NA,NA,NA
"888",993,66,2020,5,322122,"English","circle",1,"green",0.8,"solid",0,"striped",1,"square",0,NA,NA,NA,NA,NA,NA,NA,NA,213,223,313,"True",5,20,23,21,NA,0.357,0,0,0.357,NA,NA,NA,0.286,0,0,0,0,0,0,0,0,0,0,0,0,0,0,0,0,0,0,NA,NA,NA
"889",994,66,1576,6,322121,"English","solid",0,"striped",1,"circle",1,"blue",0.8,"cloud",0,NA,NA,NA,NA,NA,NA,NA,NA,111,111,221,"True",5,1,1,5,0,0.357,NA,0,0.357,NA,0.286,NA,NA,0,0,0,0,0,0,0,0,0,0,0,0,0,0,0,0,0,0,NA,NA,NA
"890",995,66,235,7,212132,"English","cloud",0.75,"circle",0.1,"solid",0.3,"green",0.15,"blue",0.75,NA,NA,NA,NA,NA,NA,NA,NA,211,211,113,"True",5,2,2,19,0.366,0.049,NA,0.146,NA,NA,0.366,NA,0.073,0,0,0,0,0,0,0,0,0,0,0,0,0,0,0,0,0,0,NA,NA,NA
"891",996,66,939,8,212121,"English","striped",0.35,"blue",0.85,"red",0.25,"square",0.7,"polka-dotted",0.65,"cloud",0.25,NA,NA,NA,NA,NA,NA,331,331,122,"False",6,9,9,13,0.082,NA,0.23,NA,0.115,0.213,0.279,0.082,NA,0,0,0,0,0,0,0,0,0,0,0,0,0,0,0,0,0,0,NA,NA,NA
"892",997,66,1989,9,323232,"English","cloud",0.8,"polka-dotted",0.8,"red",0.7,NA,NA,NA,NA,NA,NA,NA,NA,NA,NA,NA,NA,132,132,132,"False",3,16,16,16,0.348,NA,NA,NA,NA,0.348,NA,0.304,NA,0,0,0,0,0,0,0,0,0,0,0,0,0,0,0,0,0,0,NA,NA,NA
"893",998,66,588,10,213212,"English","red",1,"solid",0.25,"polka-dotted",0.7,"circle",0.7,"square",0.15,NA,NA,NA,NA,NA,NA,NA,NA,332,232,212,"True",5,18,17,11,NA,0.25,0.054,0.089,NA,0.25,NA,0.357,NA,0,0,0,0,0,0,0,0,0,0,0,0,0,0,0,0,0,0,NA,NA,NA
"894",999,66,395,11,122132,"English","blue",0.2,"cloud",0.15,"square",0.75,"green",0.75,"polka-dotted",1,NA,NA,NA,NA,NA,NA,NA,NA,331,333,133,"True",5,9,27,25,0.053,NA,0.263,NA,NA,0.351,0.07,NA,0.263,0,0,0,0,0,0,0,0,0,0,0,0,0,0,0,0,0,0,NA,NA,NA
"895",1000,66,191,12,323212,"English","blue",1,"striped",0.75,"circle",1,"solid",0.25,NA,NA,NA,NA,NA,NA,NA,NA,NA,NA,211,221,221,"True",4,2,5,5,NA,0.333,NA,0.083,0.25,NA,0.333,NA,NA,0,0,0,0,0,0,0,0,0,0,0,0,0,0,0,0,0,0,NA,NA,NA
"896",1001,66,2050,13,322122,"English","polka-dotted",0.15,"solid",0.7,"green",0.15,"red",0.65,"circle",1,NA,NA,NA,NA,NA,NA,NA,NA,212,213,232,"True",5,11,20,17,NA,0.377,NA,0.264,NA,0.057,NA,0.245,0.057,0,0,0,0,0,0,0,0,0,0,0,0,0,0,0,0,0,0,NA,NA,NA
"897",1002,66,1673,14,121212,"English","polka-dotted",0.15,"green",0.15,"striped",0.65,"cloud",0.7,"red",0.75,"square",0.1,NA,NA,NA,NA,NA,NA,333,122,122,"False",6,27,13,13,0.28,NA,0.04,NA,0.26,0.06,NA,0.3,0.06,0,0,0,0,0,0,0,0,0,0,0,0,0,0,0,0,0,0,NA,NA,NA
"898",1003,66,1338,15,122122,"English","blue",0.2,"circle",0.15,"polka-dotted",0.15,"striped",0.7,"cloud",0.7,"red",0.7,NA,NA,NA,NA,NA,NA,132,121,222,"True",6,16,4,14,0.269,0.058,NA,NA,0.269,0.058,0.077,0.269,NA,0,0,0,0,0,0,0,0,0,0,0,0,0,0,0,0,0,0,NA,NA,NA
"899",1004,66,1865,16,123212,"English","circle",0.7,"square",0.2,"blue",0.2,"green",0.75,"polka-dotted",1,NA,NA,NA,NA,NA,NA,NA,NA,331,233,233,"True",5,9,26,26,NA,0.246,0.07,NA,NA,0.351,0.07,NA,0.263,0,0,0,0,0,0,0,0,0,0,0,0,0,0,0,0,0,0,NA,NA,NA
"900",1005,66,2037,17,322122,"English","red",0.15,"solid",1,"green",0.7,"square",0.15,"circle",0.7,NA,NA,NA,NA,NA,NA,NA,NA,213,212,313,"True",5,20,11,21,NA,0.259,0.056,0.37,NA,NA,NA,0.056,0.259,0,0,0,0,0,0,0,0,0,0,0,0,0,0,0,0,0,0,NA,NA,NA
"901",1006,67,203,3,212132,"english","green",0.6,"red",0.4,"circle",0.55,"striped",0.6,"cloud",0.75,NA,NA,NA,NA,NA,NA,NA,NA,123,123,222,"True",5,22,22,14,0.259,0.19,NA,NA,0.207,NA,NA,0.138,0.207,0,0,0,0,0,0,0,0,0,0,0,0,0,0,0,0,0,0,NA,NA,NA
"902",1007,67,765,4,211212,"english","solid",0.5,"blue",0.35,"cloud",0.55,"square",0.7,"striped",0.65,"red",0.75,NA,NA,NA,NA,NA,NA,311,322,122,"True",6,3,15,13,0.157,NA,0.2,0.143,0.186,NA,0.1,0.214,NA,0,0,0,0,0,0,0,0,0,0,0,0,0,0,0,0,0,0,NA,NA,NA
"903",1008,67,1121,5,321212,"english","polka-dotted",0.65,"cloud",0.45,"solid",0.65,"square",0.4,"blue",0.8,NA,NA,NA,NA,NA,NA,NA,NA,111,331,331,"True",5,1,9,9,0.153,NA,0.136,0.22,NA,0.22,0.271,NA,NA,0,0,0,0,0,0,0,0,0,0,0,0,0,0,0,0,0,0,NA,NA,NA
"904",1009,67,1410,6,322111,"english","green",0.6,"cloud",0.25,"circle",0.6,"red",0.35,"polka-dotted",0.75,"blue",0.45,NA,NA,NA,NA,NA,NA,232,231,133,"True",6,17,8,25,0.083,0.2,NA,NA,NA,0.25,0.15,0.117,0.2,0,0,0,0,0,0,0,0,0,0,0,0,0,0,0,0,0,0,NA,NA,NA
"905",1010,67,1000,7,121112,"english","red",0.3,"solid",0.6,"blue",0.7,"polka-dotted",0.8,"cloud",0.35,"circle",0.75,"square",0.35,NA,NA,NA,NA,311,232,132,"True",7,3,17,16,0.091,0.195,0.091,0.156,NA,0.208,0.182,0.078,NA,0,0,0,0,0,0,0,0,0,0,0,0,0,0,0,0,0,0,NA,NA,NA
"906",1011,67,1414,8,322111,"english","solid",0.6,"striped",0.35,"cloud",0.8,"green",0.25,"polka-dotted",0.75,"square",0.65,NA,NA,NA,NA,NA,NA,333,323,113,"True",6,27,24,19,0.235,NA,0.191,0.176,0.103,0.221,NA,NA,0.074,0,0,0,0,0,0,0,0,0,0,0,0,0,0,0,0,0,0,NA,NA,NA
"907",1012,67,2162,9,121111,"english","green",0.5,"polka-dotted",0.5,"cloud",0.55,"red",0.5,"square",0.5,"striped",0.6,"blue",0.5,"solid",0.6,NA,NA,122,331,313,"True",8,13,9,21,0.129,NA,0.118,0.141,0.141,0.118,0.118,0.118,0.118,0,0,0,0,0,0,0,0,0,0,0,0,0,0,0,0,0,0,NA,NA,NA
"908",1013,67,908,10,212121,"english","circle",0.45,"green",0.6,"polka-dotted",0.25,"red",0.7,"solid",0.35,"square",0.7,NA,NA,NA,NA,NA,NA,233,233,312,"False",6,26,26,12,NA,0.148,0.23,0.115,NA,0.082,NA,0.23,0.197,0,0,0,0,0,0,0,0,0,0,0,0,0,0,0,0,0,0,NA,NA,NA
"909",1014,67,2170,11,121111,"english","green",0.35,"striped",0.65,"cloud",0.35,"polka-dotted",0.65,"square",0.3,"circle",0.65,"red",0.35,"blue",0.7,NA,NA,131,223,322,"True",8,7,23,15,0.088,0.162,0.075,NA,0.162,0.162,0.175,0.088,0.088,0,0,0,0,0,0,0,0,0,0,0,0,0,0,0,0,0,0,NA,NA,NA
"910",1015,67,914,12,212121,"english","polka-dotted",0.65,"circle",0.35,"striped",0.65,"square",0.35,"blue",0.65,"green",0.4,NA,NA,NA,NA,NA,NA,223,223,331,"False",6,23,23,9,NA,0.115,0.115,NA,0.213,0.213,0.213,NA,0.131,0,0,0,0,0,0,0,0,0,0,0,0,0,0,0,0,0,0,NA,NA,NA
"911",1016,67,1279,13,111111,"english","solid",0.35,"cloud",0.65,"green",0.4,"red",0.7,"striped",0.35,"square",0.6,"polka-dotted",0.4,"circle",0.65,"blue",0.35,213,132,321,"False",9,20,16,6,0.146,0.146,0.135,0.079,0.079,0.09,0.079,0.157,0.09,0,0,0,0,0,0,0,0,0,0,0,0,0,0,0,0,0,0,NA,NA,NA
"912",1017,67,1686,14,121212,"english","red",0.6,"solid",0.35,"square",0.7,"blue",0.35,"circle",0.7,"polka-dotted",0.35,NA,NA,NA,NA,NA,NA,231,312,312,"False",6,8,12,12,NA,0.23,0.23,0.115,NA,0.115,0.115,0.197,NA,0,0,0,0,0,0,0,0,0,0,0,0,0,0,0,0,0,0,NA,NA,NA
"913",1018,67,1788,15,322132,"english","green",0.6,"striped",0.35,"cloud",0.6,"square",0.4,NA,NA,NA,NA,NA,NA,NA,NA,NA,NA,323,323,123,"True",4,24,24,22,0.308,NA,0.205,NA,0.179,NA,NA,NA,0.308,0,0,0,0,0,0,0,0,0,0,0,0,0,0,0,0,0,0,NA,NA,NA
"914",1019,67,1698,16,121212,"english","solid",0.35,"polka-dotted",0.6,"red",0.4,"cloud",0.6,"circle",0.35,"green",0.6,NA,NA,NA,NA,NA,NA,133,212,212,"False",6,25,11,11,0.207,0.121,NA,0.121,NA,0.207,NA,0.138,0.207,0,0,0,0,0,0,0,0,0,0,0,0,0,0,0,0,0,0,NA,NA,NA
"915",1020,67,1339,17,122122,"english","circle",0.35,"solid",0.65,"red",0.3,"green",0.65,"striped",0.3,"cloud",0.6,NA,NA,NA,NA,NA,NA,223,212,122,"True",6,23,11,13,0.211,0.123,NA,0.228,0.105,NA,NA,0.105,0.228,0,0,0,0,0,0,0,0,0,0,0,0,0,0,0,0,0,0,NA,NA,NA
"916",1021,68,2147,3,111112,"english","green",1,"polka-dotted",1,"cloud",1,"solid",0,"circle",1,"striped",1,"red",0,"square",1,NA,NA,213,122,332,"True",8,20,13,18,0.167,0.167,0.167,0,0.167,0.167,NA,0,0.167,0,0,0,0,0,0,0,0,0,0,0,0,0,0,0,0,0,0,NA,NA,NA
"917",1022,68,1442,4,322111,"english","green",0,"square",0,"striped",1,"solid",1,"red",1,"polka-dotted",1,NA,NA,NA,NA,NA,NA,323,333,312,"True",6,24,27,12,NA,NA,0,0.25,0.25,0.25,NA,0.25,0,0,0,0,0,0,0,0,0,0,0,0,0,0,0,0,0,0,0,NA,NA,NA
"918",1023,68,2185,5,121111,"english","striped",1,"circle",1,"red",1,"cloud",1,"green",1,"solid",1,"polka-dotted",1,"blue",1,NA,NA,211,123,132,"True",8,2,22,16,0.125,0.125,NA,0.125,0.125,0.125,0.125,0.125,0.125,0,0,0,0,0,0,0,0,0,0,0,0,0,0,0,0,0,0,NA,NA,NA
"919",1024,68,1262,6,111111,"english","cloud",1,"blue",1,"polka-dotted",1,"green",1,"solid",1,"red",1,"square",1,"circle",1,"striped",1,332,121,213,"False",9,18,4,20,0.111,0.111,0.111,0.111,0.111,0.111,0.111,0.111,0.111,0,0,0,0,0,0,0,0,0,0,0,0,0,0,0,0,0,0,NA,NA,NA
"920",1025,68,387,7,122132,"english","square",0,"red",0,"green",1,"circle",1,"solid",0,NA,NA,NA,NA,NA,NA,NA,NA,313,312,212,"True",5,21,12,11,NA,0.5,0,0,NA,NA,NA,0,0.5,0,0,0,0,0,0,0,0,0,0,0,0,0,0,0,0,0,0,NA,NA,NA
"921",1026,68,1990,8,323232,"english","striped",0,"circle",0,"green",0,NA,NA,NA,NA,NA,NA,NA,NA,NA,NA,NA,NA,223,223,223,"False",3,23,23,23,NA,0.333,NA,NA,0.333,NA,NA,NA,0.333,0,0,0,0,0,0,0,0,0,0,0,0,0,0,0,0,0,0,NA,NA,NA
"922",1027,68,1166,9,212232,"english","circle",0,"polka-dotted",1,"green",0,"blue",1,"striped",0,NA,NA,NA,NA,NA,NA,NA,NA,223,233,221,"True",5,23,26,5,NA,0,NA,NA,0,0.5,0.5,NA,0,0,0,0,0,0,0,0,0,0,0,0,0,0,0,0,0,0,0,NA,NA,NA
"923",1028,68,885,10,112122,"english","solid",1,"polka-dotted",1,"striped",1,"circle",1,"cloud",0,"green",0,"blue",1,NA,NA,NA,NA,113,131,223,"True",7,19,7,23,0,0.2,NA,0.2,0.2,0.2,0.2,NA,0,0,0,0,0,0,0,0,0,0,0,0,0,0,0,0,0,0,0,NA,NA,NA
"924",1029,68,1957,11,323232,"english","polka-dotted",0,"red",0,"square",0,NA,NA,NA,NA,NA,NA,NA,NA,NA,NA,NA,NA,332,332,332,"False",3,18,18,18,NA,NA,0.333,NA,NA,0.333,NA,0.333,NA,0,0,0,0,0,0,0,0,0,0,0,0,0,0,0,0,0,0,NA,NA,NA
"925",1030,68,1787,12,322132,"english","square",1,"circle",0,"blue",0,"striped",0,NA,NA,NA,NA,NA,NA,NA,NA,NA,NA,221,221,321,"True",4,5,5,6,NA,0,1,NA,0,NA,0,NA,NA,0,0,0,0,0,0,0,0,0,0,0,0,0,0,0,0,0,0,NA,NA,NA
"926",1031,68,1264,13,111111,"english","cloud",1,"solid",1,"square",1,"green",1,"striped",1,"blue",1,"circle",1,"polka-dotted",1,"red",1,133,312,221,"False",9,25,12,5,0.111,0.111,0.111,0.111,0.111,0.111,0.111,0.111,0.111,0,0,0,0,0,0,0,0,0,0,0,0,0,0,0,0,0,0,NA,NA,NA
"927",1032,68,1656,14,121212,"english","solid",0,"blue",0,"cloud",0,"red",1,"polka-dotted",1,"circle",1,NA,NA,NA,NA,NA,NA,232,111,111,"False",6,17,1,1,0,0.333,NA,0,NA,0.333,0,0.333,NA,0,0,0,0,0,0,0,0,0,0,0,0,0,0,0,0,0,0,NA,NA,NA
"928",1033,68,568,15,213212,"english","solid",0,"striped",1,"blue",0,"red",1,"square",0,NA,NA,NA,NA,NA,NA,NA,NA,312,311,321,"True",5,12,3,6,NA,NA,0,0,0.5,NA,0,0.5,NA,0,0,0,0,0,0,0,0,0,0,0,0,0,0,0,0,0,0,NA,NA,NA
"929",1034,68,1858,16,123212,"english","striped",0,"green",1,"cloud",0,"blue",0,"square",1,NA,NA,NA,NA,NA,NA,NA,NA,323,121,121,"True",5,24,4,4,0,NA,0.5,NA,0,NA,0,NA,0.5,0,0,0,0,0,0,0,0,0,0,0,0,0,0,0,0,0,0,NA,NA,NA
"930",1035,68,1587,17,322121,"english","red",0,"square",1,"solid",0,"cloud",0,"green",1,NA,NA,NA,NA,NA,NA,NA,NA,112,112,313,"True",5,10,10,21,0,NA,0.5,0,NA,NA,NA,0,0.5,0,0,0,0,0,0,0,0,0,0,0,0,0,0,0,0,0,0,NA,NA,NA
"931",1036,69,2148,3,111112,"english","blue",1,"cloud",0.3,"circle",0.35,"polka-dotted",0.75,"square",1,"green",0.7,"red",0.8,"solid",0.65,NA,NA,213,331,132,"True",8,20,9,16,0.054,0.063,0.18,0.117,NA,0.135,0.18,0.144,0.126,0,0,0,0,0,0,0,0,0,0,0,0,0,0,0,0,0,0,NA,NA,NA
"932",1037,69,1696,4,121212,"english","red",0.9,"solid",0.6,"striped",0.8,"cloud",0.6,"green",0.6,"circle",0.35,NA,NA,NA,NA,NA,NA,122,213,213,"False",6,13,20,20,0.156,0.091,NA,0.156,0.208,NA,NA,0.234,0.156,0,0,0,0,0,0,0,0,0,0,0,0,0,0,0,0,0,0,NA,NA,NA
"933",1038,69,913,5,212121,"english","striped",1,"square",0.9,"circle",0.65,"blue",0.6,"green",0.9,"solid",0.5,NA,NA,NA,NA,NA,NA,211,211,323,"False",6,2,2,24,NA,0.143,0.198,0.11,0.22,NA,0.132,NA,0.198,0,0,0,0,0,0,0,0,0,0,0,0,0,0,0,0,0,0,NA,NA,NA
"934",1039,69,1444,6,322111,"english","solid",0.6,"blue",0,"striped",1,"square",0.85,"cloud",0.8,"circle",0.8,NA,NA,NA,NA,NA,NA,311,111,221,"True",6,3,1,5,0.198,0.198,0.21,0.148,0.247,NA,0,NA,NA,0,0,0,0,0,0,0,0,0,0,0,0,0,0,0,0,0,0,NA,NA,NA
"935",1040,69,498,7,211111,"english","striped",0.6,"green",0.9,"square",0.85,"circle",0.85,"red",0.85,"polka-dotted",0.85,"blue",0.8,"cloud",0.8,NA,NA,221,323,132,"True",8,5,24,16,0.123,0.131,0.131,NA,0.092,0.131,0.123,0.131,0.138,0,0,0,0,0,0,0,0,0,0,0,0,0,0,0,0,0,0,NA,NA,NA
"936",1041,69,2147,8,111112,"english","green",0.9,"circle",0.9,"cloud",0.9,"square",0.9,"red",0.7,"solid",0.7,"polka-dotted",0.75,"striped",0.7,NA,NA,213,122,332,"True",8,20,13,18,0.14,0.14,0.14,0.109,0.109,0.116,NA,0.109,0.14,0,0,0,0,0,0,0,0,0,0,0,0,0,0,0,0,0,0,NA,NA,NA
"937",1042,69,905,9,212121,"english","square",0.6,"polka-dotted",0.95,"circle",0.9,"solid",0.65,"red",0.65,"green",0.85,NA,NA,NA,NA,NA,NA,312,312,233,"False",6,12,12,26,NA,0.196,0.13,0.141,NA,0.207,NA,0.141,0.185,0,0,0,0,0,0,0,0,0,0,0,0,0,0,0,0,0,0,NA,NA,NA
"938",1043,69,968,10,121112,"english","solid",0.6,"cloud",0.95,"square",0.85,"polka-dotted",0.9,"green",0.6,"red",0.85,"circle",0.7,NA,NA,NA,NA,332,213,113,"True",7,18,20,19,0.174,0.128,0.156,0.11,NA,0.165,NA,0.156,0.11,0,0,0,0,0,0,0,0,0,0,0,0,0,0,0,0,0,0,NA,NA,NA
"939",1044,69,969,11,121112,"english","circle",0.85,"cloud",0.9,"red",0.95,"polka-dotted",0.7,"solid",0.75,"square",0.85,"blue",0.7,NA,NA,NA,NA,312,131,231,"True",7,12,7,8,0.158,0.149,0.149,0.132,NA,0.123,0.123,0.167,NA,0,0,0,0,0,0,0,0,0,0,0,0,0,0,0,0,0,0,NA,NA,NA
"940",1045,69,944,12,212121,"english","circle",0.9,"striped",0.95,"polka-dotted",0.65,"red",0.9,"blue",0.7,"square",0.65,NA,NA,NA,NA,NA,NA,331,331,222,"False",6,9,9,14,NA,0.189,0.137,NA,0.2,0.137,0.147,0.189,NA,0,0,0,0,0,0,0,0,0,0,0,0,0,0,0,0,0,0,NA,NA,NA
"941",1046,69,490,13,211111,"english","cloud",0.9,"red",0.85,"green",0.9,"striped",0.85,"polka-dotted",0.9,"circle",0.7,"solid",0.85,"blue",0.85,NA,NA,222,233,111,"True",8,14,26,1,0.132,0.103,NA,0.125,0.125,0.132,0.125,0.125,0.132,0,0,0,0,0,0,0,0,0,0,0,0,0,0,0,0,0,0,NA,NA,NA
"942",1047,69,1865,14,123212,"english","green",0.65,"polka-dotted",0.1,"circle",0.7,"square",0.85,"blue",0.9,NA,NA,NA,NA,NA,NA,NA,NA,331,233,233,"True",5,9,26,26,NA,0.219,0.266,NA,NA,0.031,0.281,NA,0.203,0,0,0,0,0,0,0,0,0,0,0,0,0,0,0,0,0,0,NA,NA,NA
"943",1048,69,774,15,211212,"english","blue",0.6,"striped",0.65,"cloud",0.9,"square",0.5,"red",0.8,"polka-dotted",0.9,NA,NA,NA,NA,NA,NA,122,321,331,"True",6,13,6,9,0.207,NA,0.115,NA,0.149,0.207,0.138,0.184,NA,0,0,0,0,0,0,0,0,0,0,0,0,0,0,0,0,0,0,NA,NA,NA
"944",1049,69,1967,16,323232,"english","green",0.1,"cloud",0.05,"solid",0.05,NA,NA,NA,NA,NA,NA,NA,NA,NA,NA,NA,NA,113,113,113,"False",3,19,19,19,0.25,NA,NA,0.25,NA,NA,NA,NA,0.5,0,0,0,0,0,0,0,0,0,0,0,0,0,0,0,0,0,0,NA,NA,NA
"945",1050,69,588,17,213212,"english","solid",0.85,"circle",0.55,"square",0.7,"polka-dotted",0.55,"red",0,NA,NA,NA,NA,NA,NA,NA,NA,332,232,212,"True",5,18,17,11,NA,0.208,0.264,0.321,NA,0.208,NA,0,NA,0,0,0,0,0,0,0,0,0,0,0,0,0,0,0,0,0,0,NA,NA,NA
"946",1051,70,2003,3,322122,"english","red",0.95,"striped",0.95,"square",0.8,"solid",0.05,"blue",0.1,NA,NA,NA,NA,NA,NA,NA,NA,322,321,312,"True",5,15,6,12,NA,NA,0.281,0.018,0.333,NA,0.035,0.333,NA,0,0,0,0,0,0,0,0,0,0,0,0,0,0,0,0,0,0,NA,NA,NA
"947",1052,70,276,4,212222,"english","red",0.9,"striped",0.95,"circle",0.95,"solid",0.05,"green",0.95,"cloud",0.9,NA,NA,NA,NA,NA,NA,213,123,212,"True",6,20,22,11,0.191,0.202,NA,0.011,0.202,NA,NA,0.191,0.202,0,0,0,0,0,0,0,0,0,0,0,0,0,0,0,0,0,0,NA,NA,NA
"948",1053,70,1279,5,111111,"english","cloud",0.95,"circle",0.9,"solid",0,"red",0.9,"square",0.5,"green",0.75,"blue",0.75,"striped",0.8,"polka-dotted",0.9,213,132,321,"False",9,20,16,6,0.147,0.14,0.078,0,0.124,0.14,0.116,0.14,0.116,0,0,0,0,0,0,0,0,0,0,0,0,0,0,0,0,0,0,NA,NA,NA
"949",1054,70,1546,6,322112,"english","striped",1,"red",0.95,"blue",0.95,"polka-dotted",0.9,"circle",0.95,NA,NA,NA,NA,NA,NA,NA,NA,231,232,222,"True",5,8,17,14,NA,0.2,NA,NA,0.211,0.189,0.2,0.2,NA,0,0,0,0,0,0,0,0,0,0,0,0,0,0,0,0,0,0,NA,NA,NA
"950",1055,70,1980,7,323232,"english","cloud",0.95,"blue",0.95,"solid",0.95,NA,NA,NA,NA,NA,NA,NA,NA,NA,NA,NA,NA,111,111,111,"False",3,1,1,1,0.333,NA,NA,0.333,NA,NA,0.333,NA,NA,0,0,0,0,0,0,0,0,0,0,0,0,0,0,0,0,0,0,NA,NA,NA
"951",1056,70,345,8,213211,"english","square",0.95,"red",0.9,"blue",1,"solid",0.15,"striped",1,"green",0.9,NA,NA,NA,NA,NA,NA,322,321,313,"True",6,15,6,21,NA,NA,0.194,0.031,0.204,NA,0.204,0.184,0.184,0,0,0,0,0,0,0,0,0,0,0,0,0,0,0,0,0,0,NA,NA,NA
"952",1057,70,909,9,212121,"english","green",0.9,"striped",0.95,"red",0.95,"square",0.1,"cloud",1,"solid",0.05,NA,NA,NA,NA,NA,NA,323,323,112,"False",6,24,24,10,0.253,NA,0.025,0.013,0.241,NA,NA,0.241,0.228,0,0,0,0,0,0,0,0,0,0,0,0,0,0,0,0,0,0,NA,NA,NA
"953",1058,70,1938,10,111212,"english","circle",0.8,"red",0.85,"blue",0.8,"polka-dotted",0.1,"square",0.5,"striped",0.5,"cloud",0.5,NA,NA,NA,NA,232,121,321,"True",7,17,4,6,0.123,0.198,0.123,NA,0.123,0.025,0.198,0.21,NA,0,0,0,0,0,0,0,0,0,0,0,0,0,0,0,0,0,0,NA,NA,NA
"954",1059,70,400,11,122132,"english","square",0.95,"striped",0.9,"polka-dotted",0.65,"red",0.95,"green",0.5,NA,NA,NA,NA,NA,NA,NA,NA,332,322,323,"True",5,18,15,24,NA,NA,0.241,NA,0.228,0.165,NA,0.241,0.127,0,0,0,0,0,0,0,0,0,0,0,0,0,0,0,0,0,0,NA,NA,NA
"955",1060,70,1960,12,323232,"english","circle",1,"striped",0.95,"green",1,NA,NA,NA,NA,NA,NA,NA,NA,NA,NA,NA,NA,223,223,223,"False",3,23,23,23,NA,0.339,NA,NA,0.322,NA,NA,NA,0.339,0,0,0,0,0,0,0,0,0,0,0,0,0,0,0,0,0,0,NA,NA,NA
"956",1061,70,550,13,112132,"english","green",0.5,"cloud",0.5,"blue",0.9,"square",0.95,"circle",0.9,"striped",0.9,NA,NA,NA,NA,NA,NA,121,221,323,"True",6,4,5,24,0.108,0.194,0.204,NA,0.194,NA,0.194,NA,0.108,0,0,0,0,0,0,0,0,0,0,0,0,0,0,0,0,0,0,NA,NA,NA
"957",1062,70,331,14,213211,"english","solid",0.9,"red",0.75,"green",0.2,"circle",0.95,"blue",0.5,"striped",0.5,NA,NA,NA,NA,NA,NA,211,213,222,"True",6,2,20,14,NA,0.25,NA,0.237,0.132,NA,0.132,0.197,0.053,0,0,0,0,0,0,0,0,0,0,0,0,0,0,0,0,0,0,NA,NA,NA
"958",1063,70,1104,15,321212,"english","green",0.8,"striped",0.95,"circle",0.7,"red",0.25,"cloud",0.2,NA,NA,NA,NA,NA,NA,NA,NA,122,223,223,"True",5,13,23,23,0.069,0.241,NA,NA,0.328,NA,NA,0.086,0.276,0,0,0,0,0,0,0,0,0,0,0,0,0,0,0,0,0,0,NA,NA,NA
"959",1064,70,1672,16,121212,"english","green",0.2,"red",0.95,"striped",0.2,"circle",0.2,"cloud",1,"polka-dotted",0.95,NA,NA,NA,NA,NA,NA,223,132,132,"False",6,23,16,16,0.286,0.057,NA,NA,0.057,0.271,NA,0.271,0.057,0,0,0,0,0,0,0,0,0,0,0,0,0,0,0,0,0,0,NA,NA,NA
"960",1065,70,981,17,121112,"english","circle",0.7,"cloud",0.95,"blue",0.95,"solid",0.95,"square",0.15,"polka-dotted",0.15,"green",0.15,NA,NA,NA,NA,333,111,211,"True",7,27,1,2,0.238,0.175,0.038,0.238,NA,0.038,0.238,NA,0.038,0,0,0,0,0,0,0,0,0,0,0,0,0,0,0,0,0,0,NA,NA,NA
"961",1066,71,2118,3,111112,"English","polka-dotted",0.3,"striped",0.65,"cloud",0.65,"green",0.65,"solid",0.5,"red",0.7,"blue",0.5,"circle",0.75,NA,NA,113,221,232,"True",8,19,5,17,0.138,0.16,NA,0.106,0.138,0.064,0.106,0.149,0.138,0,0,0,0,0,0,0,0,0,0,0,0,0,0,0,0,0,0,NA,NA,NA
"962",1067,71,233,4,212132,"English","cloud",0.4,"solid",0.6,"circle",0.5,"blue",1,"striped",0.8,NA,NA,NA,NA,NA,NA,NA,NA,221,221,111,"True",5,5,5,1,0.121,0.152,NA,0.182,0.242,NA,0.303,NA,NA,0,0,0,0,0,0,0,0,0,0,0,0,0,0,0,0,0,0,NA,NA,NA
"963",1068,71,2262,5,213232,"English","square",1,"circle",0.25,"polka-dotted",0.6,"blue",1,NA,NA,NA,NA,NA,NA,NA,NA,NA,NA,331,331,231,"True",4,9,9,8,NA,0.088,0.351,NA,NA,0.211,0.351,NA,NA,0,0,0,0,0,0,0,0,0,0,0,0,0,0,0,0,0,0,NA,NA,NA
"964",1069,71,2212,6,323211,"English","polka-dotted",0.75,"green",1,"circle",1,"striped",1,"solid",0.4,NA,NA,NA,NA,NA,NA,NA,NA,223,213,233,"True",5,23,20,26,NA,0.241,NA,0.096,0.241,0.181,NA,NA,0.241,0,0,0,0,0,0,0,0,0,0,0,0,0,0,0,0,0,0,NA,NA,NA
"965",1070,71,219,7,212132,"English","circle",0.45,"polka-dotted",0.75,"green",0.75,"solid",0.25,"red",0.6,NA,NA,NA,NA,NA,NA,NA,NA,233,233,212,"True",5,26,26,11,NA,0.161,NA,0.089,NA,0.268,NA,0.214,0.268,0,0,0,0,0,0,0,0,0,0,0,0,0,0,0,0,0,0,NA,NA,NA
"966",1071,71,1300,8,111111,"English","striped",0.8,"polka-dotted",0.4,"circle",0.6,"red",0.5,"square",0.3,"cloud",0.75,"solid",0.35,"blue",0.25,"green",0.35,132,313,221,"False",9,16,21,5,0.174,0.14,0.07,0.081,0.186,0.093,0.058,0.116,0.081,0,0,0,0,0,0,0,0,0,0,0,0,0,0,0,0,0,0,NA,NA,NA
"967",1072,71,1270,9,111111,"English","solid",0.35,"striped",0.6,"green",0.4,"polka-dotted",0.6,"square",0.65,"blue",0.45,"circle",0.75,"red",0.6,"cloud",0.35,332,111,223,"False",9,18,1,23,0.074,0.158,0.137,0.074,0.126,0.126,0.095,0.126,0.084,0,0,0,0,0,0,0,0,0,0,0,0,0,0,0,0,0,0,NA,NA,NA
"968",1073,71,2018,10,322122,"English","polka-dotted",0.3,"solid",0.95,"circle",0.25,"blue",1,"square",1,NA,NA,NA,NA,NA,NA,NA,NA,331,311,231,"True",5,9,3,8,NA,0.071,0.286,0.271,NA,0.086,0.286,NA,NA,0,0,0,0,0,0,0,0,0,0,0,0,0,0,0,0,0,0,NA,NA,NA
"969",1074,71,2024,11,322122,"English","circle",0.65,"cloud",0.75,"blue",1,"polka-dotted",0.7,"striped",0.45,NA,NA,NA,NA,NA,NA,NA,NA,221,231,121,"True",5,5,8,4,0.211,0.183,NA,NA,0.127,0.197,0.282,NA,NA,0,0,0,0,0,0,0,0,0,0,0,0,0,0,0,0,0,0,NA,NA,NA
"970",1075,71,1729,12,212112,"English","blue",0.55,"polka-dotted",0.4,"circle",0.35,"square",0.65,"green",0.6,"solid",0.3,NA,NA,NA,NA,NA,NA,331,333,213,"True",6,9,27,20,NA,0.123,0.228,0.105,NA,0.14,0.193,NA,0.211,0,0,0,0,0,0,0,0,0,0,0,0,0,0,0,0,0,0,NA,NA,NA
"971",1076,71,2032,13,322122,"English","red",0.8,"solid",0.3,"striped",0.6,"square",0.45,"blue",0.35,NA,NA,NA,NA,NA,NA,NA,NA,312,311,322,"True",5,12,3,15,NA,NA,0.18,0.12,0.24,NA,0.14,0.32,NA,0,0,0,0,0,0,0,0,0,0,0,0,0,0,0,0,0,0,NA,NA,NA
"972",1077,71,916,14,212121,"English","solid",0.55,"green",0.75,"striped",0.35,"cloud",0.3,"blue",0.3,"circle",0.45,NA,NA,NA,NA,NA,NA,123,123,211,"False",6,22,22,2,0.111,0.167,NA,0.204,0.13,NA,0.111,NA,0.278,0,0,0,0,0,0,0,0,0,0,0,0,0,0,0,0,0,0,NA,NA,NA
"973",1078,71,2102,15,111112,"English","cloud",0.45,"polka-dotted",0.35,"circle",0.35,"green",0.45,"striped",0.4,"red",0.4,"square",0.5,"blue",0.45,NA,NA,223,331,132,"True",8,23,9,16,0.134,0.104,0.149,NA,0.119,0.104,0.134,0.119,0.134,0,0,0,0,0,0,0,0,0,0,0,0,0,0,0,0,0,0,NA,NA,NA
"974",1079,71,1294,16,111111,"English","polka-dotted",0.4,"red",0.3,"circle",0.4,"square",0.65,"striped",0.4,"green",0.6,"solid",0.35,"cloud",0.3,"blue",0.65,112,323,231,"False",9,10,24,8,0.074,0.099,0.16,0.086,0.099,0.099,0.16,0.074,0.148,0,0,0,0,0,0,0,0,0,0,0,0,0,0,0,0,0,0,NA,NA,NA
"975",1080,71,926,17,212121,"English","red",0.3,"solid",0.7,"cloud",0.65,"blue",0.4,"square",0.4,"striped",0.55,NA,NA,NA,NA,NA,NA,112,112,321,"False",6,10,10,6,0.217,NA,0.133,0.233,0.183,NA,0.133,0.1,NA,0,0,0,0,0,0,0,0,0,0,0,0,0,0,0,0,0,0,NA,NA,NA
"976",1081,72,309,3,213211,"English","red",0.75,"solid",0.65,"polka-dotted",0.75,"green",0.75,"cloud",0,"striped",0.65,NA,NA,NA,NA,NA,NA,122,132,113,"True",6,13,16,19,0,NA,NA,0.183,0.183,0.211,NA,0.211,0.211,0,0,0,0,0,0,0,0,0,0,0,0,0,0,0,0,0,0,NA,NA,NA
"977",1082,72,979,4,121112,"English","cloud",0.55,"square",0.55,"polka-dotted",0.55,"circle",0.55,"blue",0.65,"green",0.65,"striped",0.55,NA,NA,NA,NA,131,323,223,"True",7,7,24,23,0.136,0.136,0.136,NA,0.136,0.136,0.16,NA,0.16,0,0,0,0,0,0,0,0,0,0,0,0,0,0,0,0,0,0,NA,NA,NA
"978",1083,72,1276,5,111111,"English","blue",0.65,"cloud",0.55,"green",0.65,"striped",0.55,"polka-dotted",0.55,"square",0.55,"circle",0.55,"solid",0.55,"red",0.65,221,113,332,"False",9,5,19,18,0.105,0.105,0.105,0.105,0.105,0.105,0.124,0.124,0.124,0,0,0,0,0,0,0,0,0,0,0,0,0,0,0,0,0,0,NA,NA,NA
"979",1084,72,2027,6,322122,"English","striped",0.5,"polka-dotted",0.6,"square",0,"red",0.55,"blue",0.55,NA,NA,NA,NA,NA,NA,NA,NA,321,322,331,"True",5,6,15,9,NA,NA,0,NA,0.227,0.273,0.25,0.25,NA,0,0,0,0,0,0,0,0,0,0,0,0,0,0,0,0,0,0,NA,NA,NA
"980",1085,72,1613,7,211112,"English","polka-dotted",0.6,"circle",0.5,"striped",0.6,"red",0.6,"blue",0.6,"green",0.6,"cloud",0.5,NA,NA,NA,NA,223,232,131,"True",7,23,17,7,0.125,0.125,NA,NA,0.15,0.15,0.15,0.15,0.15,0,0,0,0,0,0,0,0,0,0,0,0,0,0,0,0,0,0,NA,NA,NA
"981",1086,72,730,8,212122,"English","striped",0.6,"cloud",0.55,"blue",0.6,"green",0.6,"solid",0.55,"square",0.5,NA,NA,NA,NA,NA,NA,321,323,111,"True",6,6,24,1,0.162,NA,0.147,0.162,0.176,NA,0.176,NA,0.176,0,0,0,0,0,0,0,0,0,0,0,0,0,0,0,0,0,0,NA,NA,NA
"982",1087,72,1482,9,123211,"English","solid",0.7,"square",0.55,"circle",0.55,"cloud",0.55,"blue",0.25,"striped",0.5,NA,NA,NA,NA,NA,NA,211,321,121,"True",6,2,6,4,0.177,0.177,0.177,0.226,0.161,NA,0.081,NA,NA,0,0,0,0,0,0,0,0,0,0,0,0,0,0,0,0,0,0,NA,NA,NA
"983",1088,72,1966,10,323232,"English","polka-dotted",0,"cloud",0.45,"green",0.45,NA,NA,NA,NA,NA,NA,NA,NA,NA,NA,NA,NA,133,133,133,"False",3,25,25,25,0.5,NA,NA,NA,NA,0,NA,NA,0.5,0,0,0,0,0,0,0,0,0,0,0,0,0,0,0,0,0,0,NA,NA,NA
"984",1089,72,1978,11,323232,"English","red",0.5,"circle",0.5,"solid",0.5,NA,NA,NA,NA,NA,NA,NA,NA,NA,NA,NA,NA,212,212,212,"False",3,11,11,11,NA,0.333,NA,0.333,NA,NA,NA,0.333,NA,0,0,0,0,0,0,0,0,0,0,0,0,0,0,0,0,0,0,NA,NA,NA
"985",1090,72,2385,12,113232,"English","cloud",0,"red",1,"blue",1,"green",1,"solid",0,NA,NA,NA,NA,NA,NA,NA,NA,111,112,113,"True",5,1,10,19,0,NA,NA,0,NA,NA,0.333,0.333,0.333,0,0,0,0,0,0,0,0,0,0,0,0,0,0,0,0,0,0,NA,NA,NA
"986",1091,72,76,13,122111,"English","cloud",0.5,"polka-dotted",0.6,"striped",0.6,"circle",0.5,"red",0.7,"green",0.7,"blue",0.7,NA,NA,NA,NA,121,132,233,"True",7,4,16,26,0.116,0.116,NA,NA,0.14,0.14,0.163,0.163,0.163,0,0,0,0,0,0,0,0,0,0,0,0,0,0,0,0,0,0,NA,NA,NA
"987",1092,72,1488,14,123211,"English","striped",0.65,"red",0,"cloud",0.5,"circle",0.5,"square",0.5,"solid",0.5,NA,NA,NA,NA,NA,NA,222,112,312,"True",6,14,10,12,0.189,0.189,0.189,0.189,0.245,NA,NA,0,NA,0,0,0,0,0,0,0,0,0,0,0,0,0,0,0,0,0,0,NA,NA,NA
"988",1093,72,903,15,212121,"English","striped",0.5,"red",0.75,"square",0,"solid",0,"green",0.5,"cloud",0.6,NA,NA,NA,NA,NA,NA,323,323,112,"False",6,24,24,10,0.255,NA,0,0,0.213,NA,NA,0.319,0.213,0,0,0,0,0,0,0,0,0,0,0,0,0,0,0,0,0,0,NA,NA,NA
"989",1094,72,1990,16,323232,"English","striped",0.5,"green",0.5,"circle",0.5,NA,NA,NA,NA,NA,NA,NA,NA,NA,NA,NA,NA,223,223,223,"False",3,23,23,23,NA,0.333,NA,NA,0.333,NA,NA,NA,0.333,0,0,0,0,0,0,0,0,0,0,0,0,0,0,0,0,0,0,NA,NA,NA
"990",1095,72,1584,17,322121,"English","square",1,"red",0.55,"green",0.55,"circle",0.5,"solid",0,NA,NA,NA,NA,NA,NA,NA,NA,212,212,313,"True",5,11,11,21,NA,0.192,0.385,0,NA,NA,NA,0.212,0.212,0,0,0,0,0,0,0,0,0,0,0,0,0,0,0,0,0,0,NA,NA,NA
"991",1096,73,954,3,121112,"English","green",0.6,"red",1,"striped",1,"circle",1,"square",0.95,"polka-dotted",0.55,"cloud",0.5,NA,NA,NA,NA,133,322,222,"True",7,25,15,14,0.089,0.179,0.17,NA,0.179,0.098,NA,0.179,0.107,0,0,0,0,0,0,0,0,0,0,0,0,0,0,0,0,0,0,NA,NA,NA
"992",1097,73,842,4,112111,"English","polka-dotted",0.5,"solid",0.5,"striped",0.6,"red",1,"square",0.5,"green",0.6,"cloud",0.6,"circle",0.5,NA,NA,222,332,113,"True",8,14,18,19,0.125,0.104,0.104,0.104,0.125,0.104,NA,0.208,0.125,0,0,0,0,0,0,0,0,0,0,0,0,0,0,0,0,0,0,NA,NA,NA
"993",1098,73,896,5,112122,"English","solid",0.5,"square",0.75,"striped",0.5,"red",0.5,"cloud",0.6,"blue",0.95,"polka-dotted",0.5,NA,NA,NA,NA,331,322,111,"True",7,9,15,1,0.14,NA,0.174,0.116,0.116,0.116,0.221,0.116,NA,0,0,0,0,0,0,0,0,0,0,0,0,0,0,0,0,0,0,NA,NA,NA
"994",1099,73,1806,6,122121,"English","cloud",0.75,"striped",0.5,"circle",0.5,"solid",0.8,"blue",0.95,"green",0.55,NA,NA,NA,NA,NA,NA,211,111,123,"True",6,2,1,22,0.185,0.123,NA,0.198,0.123,NA,0.235,NA,0.136,0,0,0,0,0,0,0,0,0,0,0,0,0,0,0,0,0,0,NA,NA,NA
"995",1100,73,1281,7,111111,"English","cloud",0.5,"green",0.5,"red",0.5,"polka-dotted",0.5,"striped",0.5,"circle",0.5,"solid",0.5,"square",0.5,"blue",0.5,332,223,111,"False",9,18,23,1,0.111,0.111,0.111,0.111,0.111,0.111,0.111,0.111,0.111,0,0,0,0,0,0,0,0,0,0,0,0,0,0,0,0,0,0,NA,NA,NA
"996",1101,73,472,8,211111,"English","circle",0.5,"striped",0.5,"polka-dotted",0.5,"green",0.5,"solid",0.5,"blue",0.5,"cloud",0.75,"red",0.5,NA,NA,131,113,222,"True",8,7,19,14,0.176,0.118,NA,0.118,0.118,0.118,0.118,0.118,0.118,0,0,0,0,0,0,0,0,0,0,0,0,0,0,0,0,0,0,NA,NA,NA
"997",1102,73,1267,9,111111,"English","circle",0.5,"square",0.5,"solid",0.5,"striped",0.5,"cloud",0.5,"blue",0.5,"polka-dotted",0.5,"green",0.5,"red",0.5,133,311,222,"False",9,25,3,14,0.111,0.111,0.111,0.111,0.111,0.111,0.111,0.111,0.111,0,0,0,0,0,0,0,0,0,0,0,0,0,0,0,0,0,0,NA,NA,NA
"998",1103,73,1257,10,111111,"English","circle",0.5,"square",0.5,"polka-dotted",0.5,"striped",0.5,"solid",0.5,"cloud",0.5,"red",0.5,"green",0.5,"blue",0.5,211,332,123,"False",9,2,18,22,0.111,0.111,0.111,0.111,0.111,0.111,0.111,0.111,0.111,0,0,0,0,0,0,0,0,0,0,0,0,0,0,0,0,0,0,NA,NA,NA
"999",1104,73,2393,11,113232,"English","blue",0.5,"solid",0.95,"green",0.5,"square",0.95,"red",0.5,NA,NA,NA,NA,NA,NA,NA,NA,312,311,313,"True",5,12,3,21,NA,NA,0.279,0.279,NA,NA,0.147,0.147,0.147,0,0,0,0,0,0,0,0,0,0,0,0,0,0,0,0,0,0,NA,NA,NA
"1000",1105,73,11,12,122112,"English","red",0.5,"polka-dotted",0.5,"circle",0.75,"square",0.5,"solid",0.75,"blue",0.95,NA,NA,NA,NA,NA,NA,312,211,231,"True",6,12,2,8,NA,0.19,0.127,0.19,NA,0.127,0.241,0.127,NA,0,0,0,0,0,0,0,0,0,0,0,0,0,0,0,0,0,0,NA,NA,NA
"1001",1106,73,828,13,112111,"English","solid",0.5,"circle",0.5,"red",0.5,"green",0.95,"striped",0.5,"polka-dotted",0.5,"cloud",0.5,"square",0.5,NA,NA,233,123,312,"True",8,26,22,12,0.112,0.112,0.112,0.112,0.112,0.112,NA,0.112,0.213,0,0,0,0,0,0,0,0,0,0,0,0,0,0,0,0,0,0,NA,NA,NA
"1002",1107,73,1663,14,121212,"English","polka-dotted",0.5,"red",0.95,"cloud",0.95,"striped",0.95,"circle",0.5,"blue",0.5,NA,NA,NA,NA,NA,NA,231,122,122,"False",6,8,13,13,0.218,0.115,NA,NA,0.218,0.115,0.115,0.218,NA,0,0,0,0,0,0,0,0,0,0,0,0,0,0,0,0,0,0,NA,NA,NA
"1003",1108,73,198,15,323212,"English","striped",0.95,"green",0.95,"circle",0.8,"cloud",0.65,NA,NA,NA,NA,NA,NA,NA,NA,NA,NA,123,223,223,"True",4,22,23,23,0.194,0.239,NA,NA,0.284,NA,NA,NA,0.284,0,0,0,0,0,0,0,0,0,0,0,0,0,0,0,0,0,0,NA,NA,NA
"1004",1109,73,1174,16,212232,"English","square",0.95,"green",0.8,"striped",0.8,"red",0.5,"solid",0.5,NA,NA,NA,NA,NA,NA,NA,NA,323,313,322,"True",5,24,21,15,NA,NA,0.268,0.141,0.225,NA,NA,0.141,0.225,0,0,0,0,0,0,0,0,0,0,0,0,0,0,0,0,0,0,NA,NA,NA
"1005",1110,73,933,17,212121,"English","solid",0.5,"striped",0.8,"green",0.95,"blue",0.5,"cloud",0.8,"square",0.5,NA,NA,NA,NA,NA,NA,123,123,311,"False",6,22,22,3,0.198,NA,0.123,0.123,0.198,NA,0.123,NA,0.235,0,0,0,0,0,0,0,0,0,0,0,0,0,0,0,0,0,0,NA,NA,NA
"1006",1111,74,919,3,212121,"english","striped",0.95,"square",0.95,"green",0.9,"cloud",0.95,"polka-dotted",0.95,"red",0.35,NA,NA,NA,NA,NA,NA,333,333,122,"False",6,27,27,13,0.188,NA,0.188,NA,0.188,0.188,NA,0.069,0.178,0,0,0,0,0,0,0,0,0,0,0,0,0,0,0,0,0,0,NA,NA,NA
"1007",1112,74,1185,4,212232,"english","blue",0.25,"green",0.95,"cloud",0.2,"solid",0.4,"circle",0.9,NA,NA,NA,NA,NA,NA,NA,NA,213,211,113,"True",5,20,2,19,0.074,0.333,NA,0.148,NA,NA,0.093,NA,0.352,0,0,0,0,0,0,0,0,0,0,0,0,0,0,0,0,0,0,NA,NA,NA
"1008",1113,74,2077,5,321111,"english","green",0,"red",0.05,"solid",0.05,"polka-dotted",0.25,"cloud",0.9,"blue",0.1,"striped",0.05,NA,NA,NA,NA,113,121,132,"True",7,19,4,16,0.643,NA,NA,0.036,0.036,0.179,0.071,0.036,0,0,0,0,0,0,0,0,0,0,0,0,0,0,0,0,0,0,0,NA,NA,NA
"1009",1114,74,1765,6,322132,"english","cloud",0.95,"red",0.25,"blue",0.25,"polka-dotted",0.95,NA,NA,NA,NA,NA,NA,NA,NA,NA,NA,132,132,131,"True",4,16,16,7,0.396,NA,NA,NA,NA,0.396,0.104,0.104,NA,0,0,0,0,0,0,0,0,0,0,0,0,0,0,0,0,0,0,NA,NA,NA
"1010",1115,74,2372,7,113232,"english","polka-dotted",0.4,"square",1,"blue",1,"striped",0.4,"solid",0.4,NA,NA,NA,NA,NA,NA,NA,NA,321,331,311,"True",5,6,9,3,NA,NA,0.312,0.125,0.125,0.125,0.312,NA,NA,0,0,0,0,0,0,0,0,0,0,0,0,0,0,0,0,0,0,NA,NA,NA
"1011",1116,74,1254,8,111111,"english","cloud",0.6,"striped",0.65,"polka-dotted",0.7,"green",0.65,"circle",0.7,"red",0.7,"blue",0.7,"solid",0.7,"square",0.75,312,131,223,"False",9,12,7,23,0.098,0.114,0.122,0.114,0.106,0.114,0.114,0.114,0.106,0,0,0,0,0,0,0,0,0,0,0,0,0,0,0,0,0,0,NA,NA,NA
"1012",1117,74,274,9,212222,"english","circle",0.6,"striped",0.6,"polka-dotted",0.9,"blue",0.6,"square",0.9,"green",0.95,NA,NA,NA,NA,NA,NA,333,231,323,"True",6,27,8,24,NA,0.132,0.198,NA,0.132,0.198,0.132,NA,0.209,0,0,0,0,0,0,0,0,0,0,0,0,0,0,0,0,0,0,NA,NA,NA
"1013",1118,74,908,10,212121,"english","polka-dotted",1,"green",0.65,"red",0.9,"solid",0.9,"circle",0.7,"square",0.95,NA,NA,NA,NA,NA,NA,233,233,312,"False",6,26,26,12,NA,0.137,0.186,0.176,NA,0.196,NA,0.176,0.127,0,0,0,0,0,0,0,0,0,0,0,0,0,0,0,0,0,0,NA,NA,NA
"1014",1119,74,1922,11,111212,"english","circle",0.95,"polka-dotted",0.95,"red",0.25,"cloud",0.2,"blue",0.95,"striped",0.95,"solid",0.95,NA,NA,NA,NA,221,132,112,"True",7,5,16,10,0.038,0.183,NA,0.183,0.183,0.183,0.183,0.048,NA,0,0,0,0,0,0,0,0,0,0,0,0,0,0,0,0,0,0,NA,NA,NA
"1015",1120,74,2253,12,213232,"english","polka-dotted",0,"green",0.05,"square",0.95,"circle",0.05,NA,NA,NA,NA,NA,NA,NA,NA,NA,NA,233,233,333,"True",4,26,26,27,NA,0.048,0.905,NA,NA,0,NA,NA,0.048,0,0,0,0,0,0,0,0,0,0,0,0,0,0,0,0,0,0,NA,NA,NA
"1016",1121,74,1959,13,323232,"english","red",0.25,"square",0.2,"polka-dotted",0.25,NA,NA,NA,NA,NA,NA,NA,NA,NA,NA,NA,NA,332,332,332,"False",3,18,18,18,NA,NA,0.286,NA,NA,0.357,NA,0.357,NA,0,0,0,0,0,0,0,0,0,0,0,0,0,0,0,0,0,0,NA,NA,NA
"1017",1122,74,768,14,211212,"english","polka-dotted",0.9,"striped",0.25,"square",0.9,"cloud",0.15,"green",0.95,"blue",0.15,NA,NA,NA,NA,NA,NA,331,121,123,"True",6,9,4,22,0.045,NA,0.273,NA,0.076,0.273,0.045,NA,0.288,0,0,0,0,0,0,0,0,0,0,0,0,0,0,0,0,0,0,NA,NA,NA
"1018",1123,74,239,15,212132,"english","circle",0.9,"blue",0.05,"square",0,"polka-dotted",0.05,"red",0.95,NA,NA,NA,NA,NA,NA,NA,NA,331,331,232,"True",5,9,9,17,NA,0.462,0,NA,NA,0.026,0.026,0.487,NA,0,0,0,0,0,0,0,0,0,0,0,0,0,0,0,0,0,0,NA,NA,NA
"1019",1124,74,1303,16,122122,"english","polka-dotted",0.95,"circle",0.95,"striped",0.2,"square",0.15,"green",0.2,"blue",0.95,NA,NA,NA,NA,NA,NA,333,321,223,"True",6,27,6,23,NA,0.279,0.044,NA,0.059,0.279,0.279,NA,0.059,0,0,0,0,0,0,0,0,0,0,0,0,0,0,0,0,0,0,NA,NA,NA
"1020",1125,74,928,17,212121,"english","square",0.15,"circle",1,"blue",0.9,"striped",0.2,"green",0.05,"solid",0.95,NA,NA,NA,NA,NA,NA,323,323,211,"False",6,24,24,2,NA,0.308,0.046,0.292,0.062,NA,0.277,NA,0.015,0,0,0,0,0,0,0,0,0,0,0,0,0,0,0,0,0,0,NA,NA,NA
"1021",1126,75,1973,3,323232,"english","striped",1,"green",0.65,"circle",0.4,NA,NA,NA,NA,NA,NA,NA,NA,NA,NA,NA,NA,223,223,223,"False",3,23,23,23,NA,0.195,NA,NA,0.488,NA,NA,NA,0.317,0,0,0,0,0,0,0,0,0,0,0,0,0,0,0,0,0,0,NA,NA,NA
"1022",1127,75,2039,4,322122,"english","green",0,"solid",0,"square",0,"blue",1,"cloud",1,NA,NA,NA,NA,NA,NA,NA,NA,111,113,311,"True",5,1,19,3,0.5,NA,0,0,NA,NA,0.5,NA,0,0,0,0,0,0,0,0,0,0,0,0,0,0,0,0,0,0,0,NA,NA,NA
"1023",1128,75,4,5,122112,"english","blue",0.5,"circle",0,"cloud",1,"polka-dotted",1,"striped",0.05,"green",0.05,NA,NA,NA,NA,NA,NA,123,131,231,"True",6,22,7,8,0.385,0,NA,NA,0.019,0.385,0.192,NA,0.019,0,0,0,0,0,0,0,0,0,0,0,0,0,0,0,0,0,0,NA,NA,NA
"1024",1129,75,1986,6,323232,"english","polka-dotted",0.9,"red",0.15,"cloud",0.65,NA,NA,NA,NA,NA,NA,NA,NA,NA,NA,NA,NA,132,132,132,"False",3,16,16,16,0.382,NA,NA,NA,NA,0.529,NA,0.088,NA,0,0,0,0,0,0,0,0,0,0,0,0,0,0,0,0,0,0,NA,NA,NA
"1025",1130,75,504,7,112132,"english","solid",0,"blue",0.95,"green",0.05,"polka-dotted",0.25,"red",0.05,"cloud",0.95,NA,NA,NA,NA,NA,NA,111,112,133,"True",6,1,10,25,0.422,NA,NA,0,NA,0.111,0.422,0.022,0.022,0,0,0,0,0,0,0,0,0,0,0,0,0,0,0,0,0,0,NA,NA,NA
"1026",1131,75,68,8,122111,"english","striped",0,"solid",0.05,"polka-dotted",0.95,"red",0.05,"blue",0.65,"cloud",0.95,"square",0.05,NA,NA,NA,NA,131,311,322,"True",7,7,3,15,0.352,NA,0.019,0.019,0,0.352,0.241,0.019,NA,0,0,0,0,0,0,0,0,0,0,0,0,0,0,0,0,0,0,NA,NA,NA
"1027",1132,75,503,9,112132,"english","circle",0.05,"solid",0.05,"blue",0.95,"square",0.05,"cloud",1,"green",0.05,NA,NA,NA,NA,NA,NA,213,313,111,"True",6,20,21,1,0.465,0.023,0.023,0.023,NA,NA,0.442,NA,0.023,0,0,0,0,0,0,0,0,0,0,0,0,0,0,0,0,0,0,NA,NA,NA
"1028",1133,75,1974,10,323232,"english","red",0,"circle",0.05,"striped",1,NA,NA,NA,NA,NA,NA,NA,NA,NA,NA,NA,NA,222,222,222,"False",3,14,14,14,NA,0.048,NA,NA,0.952,NA,NA,0,NA,0,0,0,0,0,0,0,0,0,0,0,0,0,0,0,0,0,0,NA,NA,NA
"1029",1134,75,1755,11,322132,"english","square",0,"polka-dotted",0.95,"blue",0.7,"cloud",0.7,NA,NA,NA,NA,NA,NA,NA,NA,NA,NA,131,131,331,"True",4,7,7,9,0.298,NA,0,NA,NA,0.404,0.298,NA,NA,0,0,0,0,0,0,0,0,0,0,0,0,0,0,0,0,0,0,NA,NA,NA
"1030",1135,75,1486,12,123211,"english","square",0.05,"red",0.05,"cloud",0.05,"striped",0.05,"solid",0,"polka-dotted",0.95,NA,NA,NA,NA,NA,NA,332,112,122,"True",6,18,10,13,0.043,NA,0.043,0,0.043,0.826,NA,0.043,NA,0,0,0,0,0,0,0,0,0,0,0,0,0,0,0,0,0,0,NA,NA,NA
"1031",1136,75,2015,13,322122,"english","blue",0.95,"solid",0,"square",0.05,"green",0.05,"striped",0.1,NA,NA,NA,NA,NA,NA,NA,NA,323,321,313,"True",5,24,6,21,NA,NA,0.043,0,0.087,NA,0.826,NA,0.043,0,0,0,0,0,0,0,0,0,0,0,0,0,0,0,0,0,0,NA,NA,NA
"1032",1137,75,1957,14,323232,"english","polka-dotted",0.9,"red",0.05,"square",0.05,NA,NA,NA,NA,NA,NA,NA,NA,NA,NA,NA,NA,332,332,332,"False",3,18,18,18,NA,NA,0.05,NA,NA,0.9,NA,0.05,NA,0,0,0,0,0,0,0,0,0,0,0,0,0,0,0,0,0,0,NA,NA,NA
"1033",1138,75,727,15,212122,"english","solid",0.05,"polka-dotted",0.05,"cloud",0.05,"blue",0.95,"square",0,"red",0,NA,NA,NA,NA,NA,NA,332,331,112,"True",6,18,9,10,0.045,NA,0,0.045,NA,0.045,0.864,0,NA,0,0,0,0,0,0,0,0,0,0,0,0,0,0,0,0,0,0,NA,NA,NA
"1034",1139,75,1700,16,121212,"english","blue",1,"cloud",1,"square",0.05,"striped",0.05,"green",0.05,"solid",0.05,NA,NA,NA,NA,NA,NA,111,323,323,"False",6,1,24,24,0.455,NA,0.023,0.023,0.023,NA,0.455,NA,0.023,0,0,0,0,0,0,0,0,0,0,0,0,0,0,0,0,0,0,NA,NA,NA
"1035",1140,75,1109,17,321212,"english","circle",0.05,"red",0.05,"solid",0.05,"striped",0.95,"cloud",1,NA,NA,NA,NA,NA,NA,NA,NA,122,212,212,"True",5,13,11,11,0.476,0.024,NA,0.024,0.452,NA,NA,0.024,NA,0,0,0,0,0,0,0,0,0,0,0,0,0,0,0,0,0,0,NA,NA,NA
"1036",1141,76,626,3,112121,"english","cloud",0.85,"blue",0.25,"striped",0.8,"square",0.25,"green",0.15,"polka-dotted",0.2,"red",0.15,NA,NA,NA,NA,122,123,331,"True",7,13,22,9,0.321,NA,0.094,NA,0.302,0.075,0.094,0.057,0.057,0,0,0,0,0,0,0,0,0,0,0,0,0,0,0,0,0,0,NA,NA,NA
"1037",1142,76,1676,4,121212,"english","striped",0.75,"solid",0.1,"circle",0.75,"square",0.15,"blue",0.15,"red",0.75,NA,NA,NA,NA,NA,NA,222,311,311,"False",6,14,3,3,NA,0.283,0.057,0.038,0.283,NA,0.057,0.283,NA,0,0,0,0,0,0,0,0,0,0,0,0,0,0,0,0,0,0,NA,NA,NA
"1038",1143,76,421,5,321112,"english","green",0.8,"circle",0.1,"polka-dotted",0.8,"blue",0.75,"red",0.85,"solid",0.1,NA,NA,NA,NA,NA,NA,232,211,213,"True",6,17,2,20,NA,0.029,NA,0.029,NA,0.235,0.221,0.25,0.235,0,0,0,0,0,0,0,0,0,0,0,0,0,0,0,0,0,0,NA,NA,NA
"1039",1144,76,1358,6,113211,"english","circle",0.8,"striped",0.85,"green",0.05,"polka-dotted",0.75,"solid",0.85,"cloud",0.9,"square",0.8,NA,NA,NA,NA,233,323,113,"True",7,26,24,19,0.18,0.16,0.16,0.17,0.17,0.15,NA,NA,0.01,0,0,0,0,0,0,0,0,0,0,0,0,0,0,0,0,0,0,NA,NA,NA
"1040",1145,76,2252,7,213232,"english","striped",0.05,"green",0.05,"red",0.8,"circle",0.05,NA,NA,NA,NA,NA,NA,NA,NA,NA,NA,223,223,222,"True",4,23,23,14,NA,0.053,NA,NA,0.053,NA,NA,0.842,0.053,0,0,0,0,0,0,0,0,0,0,0,0,0,0,0,0,0,0,NA,NA,NA
"1041",1146,76,911,8,212121,"english","solid",0.1,"cloud",0.85,"green",0.1,"blue",0.7,"polka-dotted",0.85,"circle",0.1,NA,NA,NA,NA,NA,NA,213,213,131,"False",6,20,20,7,0.315,0.037,NA,0.037,NA,0.315,0.259,NA,0.037,0,0,0,0,0,0,0,0,0,0,0,0,0,0,0,0,0,0,NA,NA,NA
"1042",1147,76,1804,9,122121,"english","striped",0.85,"square",0.8,"green",0.05,"solid",0.05,"blue",0.85,"circle",0.1,NA,NA,NA,NA,NA,NA,211,213,323,"True",6,2,20,24,NA,0.037,0.296,0.019,0.315,NA,0.315,NA,0.019,0,0,0,0,0,0,0,0,0,0,0,0,0,0,0,0,0,0,NA,NA,NA
"1043",1148,76,16,10,122112,"english","cloud",0.15,"blue",0.8,"striped",0.1,"solid",0.85,"square",0.9,"red",0.15,NA,NA,NA,NA,NA,NA,321,122,112,"True",6,6,13,10,0.051,NA,0.305,0.288,0.034,NA,0.271,0.051,NA,0,0,0,0,0,0,0,0,0,0,0,0,0,0,0,0,0,0,NA,NA,NA
"1044",1149,76,1721,11,212112,"english","green",0.85,"polka-dotted",0.1,"circle",0.85,"square",0.1,"blue",0.15,"striped",0.75,NA,NA,NA,NA,NA,NA,321,331,233,"True",6,6,9,26,NA,0.304,0.036,NA,0.268,0.036,0.054,NA,0.304,0,0,0,0,0,0,0,0,0,0,0,0,0,0,0,0,0,0,NA,NA,NA
"1045",1150,76,1865,12,123212,"english","square",0.85,"blue",0.9,"circle",0.1,"polka-dotted",0.1,"green",0.1,NA,NA,NA,NA,NA,NA,NA,NA,331,233,233,"True",5,9,26,26,NA,0.049,0.415,NA,NA,0.049,0.439,NA,0.049,0,0,0,0,0,0,0,0,0,0,0,0,0,0,0,0,0,0,NA,NA,NA
"1046",1151,76,1266,13,111111,"english","red",0.85,"striped",0.85,"square",0.9,"solid",0.75,"green",0.85,"circle",0.8,"blue",0.85,"polka-dotted",0.9,"cloud",0.8,133,221,312,"False",9,25,5,12,0.106,0.106,0.119,0.099,0.113,0.119,0.113,0.113,0.113,0,0,0,0,0,0,0,0,0,0,0,0,0,0,0,0,0,0,NA,NA,NA
"1047",1152,76,943,14,212121,"english","solid",0.85,"red",0.9,"striped",0.1,"green",0.1,"circle",0.9,"square",0.1,NA,NA,NA,NA,NA,NA,323,323,212,"False",6,24,24,11,NA,0.305,0.034,0.288,0.034,NA,NA,0.305,0.034,0,0,0,0,0,0,0,0,0,0,0,0,0,0,0,0,0,0,NA,NA,NA
"1048",1153,76,2222,15,323211,"english","polka-dotted",0.85,"green",0.05,"solid",0.85,"striped",0.85,"square",0.1,NA,NA,NA,NA,NA,NA,NA,NA,323,333,313,"True",5,24,27,21,NA,NA,0.037,0.315,0.315,0.315,NA,NA,0.019,0,0,0,0,0,0,0,0,0,0,0,0,0,0,0,0,0,0,NA,NA,NA
"1049",1154,76,944,16,212121,"english","polka-dotted",0.15,"striped",0.8,"square",0.05,"blue",0.1,"circle",0.85,"red",0.8,NA,NA,NA,NA,NA,NA,331,331,222,"False",6,9,9,14,NA,0.309,0.018,NA,0.291,0.055,0.036,0.291,NA,0,0,0,0,0,0,0,0,0,0,0,0,0,0,0,0,0,0,NA,NA,NA
"1050",1155,76,1909,17,111212,"english","cloud",0.85,"solid",0.15,"circle",0.85,"striped",0.75,"red",0.1,"green",0.75,"square",0.75,NA,NA,NA,NA,323,112,212,"True",7,24,10,11,0.202,0.202,0.179,0.036,0.179,NA,NA,0.024,0.179,0,0,0,0,0,0,0,0,0,0,0,0,0,0,0,0,0,0,NA,NA,NA
"1051",1156,77,1268,3,111111,"English ","circle",0.05,"red",0.9,"solid",0.05,"striped",0.85,"cloud",0.9,"polka-dotted",0.95,"green",0.95,"blue",0.9,"square",0.9,111,223,332,"False",9,1,23,18,0.14,0.008,0.14,0.008,0.132,0.147,0.14,0.14,0.147,0,0,0,0,0,0,0,0,0,0,0,0,0,0,0,0,0,0,NA,NA,NA
"1052",1157,77,1938,4,111212,"English ","cloud",0.8,"polka-dotted",0.95,"red",0.95,"blue",0.1,"striped",0.1,"square",0.9,"circle",0.95,NA,NA,NA,NA,232,121,321,"True",7,17,4,6,0.168,0.2,0.189,NA,0.021,0.2,0.021,0.2,NA,0,0,0,0,0,0,0,0,0,0,0,0,0,0,0,0,0,0,NA,NA,NA
"1053",1158,77,493,5,211111,"English ","solid",0,"square",0.9,"red",0.95,"cloud",0.95,"green",0.95,"blue",0.95,"circle",0.15,"polka-dotted",0.95,NA,NA,113,211,332,"True",8,19,2,18,0.164,0.026,0.155,0,NA,0.164,0.164,0.164,0.164,0,0,0,0,0,0,0,0,0,0,0,0,0,0,0,0,0,0,NA,NA,NA
"1054",1159,77,193,6,323212,"English ","striped",0,"square",0.05,"red",0,"polka-dotted",0.9,NA,NA,NA,NA,NA,NA,NA,NA,NA,NA,332,322,322,"True",4,18,15,15,NA,NA,0.053,NA,0,0.947,NA,0,NA,0,0,0,0,0,0,0,0,0,0,0,0,0,0,0,0,0,0,NA,NA,NA
"1055",1160,77,1651,7,121212,"English ","square",0.05,"green",0.05,"cloud",0.9,"striped",0.15,"solid",0.05,"red",0.95,NA,NA,NA,NA,NA,NA,112,323,323,"False",6,10,24,24,0.419,NA,0.023,0.023,0.07,NA,NA,0.442,0.023,0,0,0,0,0,0,0,0,0,0,0,0,0,0,0,0,0,0,NA,NA,NA
"1056",1161,77,910,8,212121,"English ","circle",0.9,"polka-dotted",0.9,"solid",0,"blue",0.9,"square",0.15,"red",0.1,NA,NA,NA,NA,NA,NA,312,312,231,"False",6,12,12,8,NA,0.305,0.051,0,NA,0.305,0.305,0.034,NA,0,0,0,0,0,0,0,0,0,0,0,0,0,0,0,0,0,0,NA,NA,NA
"1057",1162,77,417,9,321112,"English ","cloud",0.95,"solid",0.05,"polka-dotted",0.25,"red",0.05,"circle",0.2,"square",0.9,NA,NA,NA,NA,NA,NA,112,332,232,"True",6,10,18,17,0.396,0.083,0.375,0.021,NA,0.104,NA,0.021,NA,0,0,0,0,0,0,0,0,0,0,0,0,0,0,0,0,0,0,NA,NA,NA
"1058",1163,77,997,10,121112,"English ","square",0.95,"striped",0.9,"solid",0.45,"circle",0.2,"red",0.05,"polka-dotted",0.9,"blue",0.9,NA,NA,NA,NA,321,212,232,"True",7,6,11,17,NA,0.046,0.218,0.103,0.207,0.207,0.207,0.011,NA,0,0,0,0,0,0,0,0,0,0,0,0,0,0,0,0,0,0,NA,NA,NA
"1059",1164,77,1778,11,322132,"English ","striped",0,"circle",0,"blue",0.3,"green",0.85,NA,NA,NA,NA,NA,NA,NA,NA,NA,NA,221,221,223,"True",4,5,5,23,NA,0,NA,NA,0,NA,0.261,NA,0.739,0,0,0,0,0,0,0,0,0,0,0,0,0,0,0,0,0,0,NA,NA,NA
"1060",1165,77,2123,12,111112,"English ","circle",0.2,"green",0.9,"blue",0.9,"striped",0.9,"polka-dotted",0.25,"red",0.9,"square",0.9,"cloud",0.9,NA,NA,223,331,132,"True",8,23,9,16,0.154,0.034,0.154,NA,0.154,0.043,0.154,0.154,0.154,0,0,0,0,0,0,0,0,0,0,0,0,0,0,0,0,0,0,NA,NA,NA
"1061",1166,77,628,13,112121,"English ","solid",0.7,"red",0.25,"cloud",1,"blue",0.95,"circle",0.15,"striped",0.85,"polka-dotted",0.9,NA,NA,NA,NA,212,222,131,"True",7,11,14,7,0.208,0.031,NA,0.146,0.177,0.188,0.198,0.052,NA,0,0,0,0,0,0,0,0,0,0,0,0,0,0,0,0,0,0,NA,NA,NA
"1062",1167,77,2216,14,323211,"English ","square",0.9,"green",0.05,"polka-dotted",0.05,"circle",0.25,"cloud",0.95,NA,NA,NA,NA,NA,NA,NA,NA,333,133,233,"True",5,27,25,26,0.432,0.114,0.409,NA,NA,0.023,NA,NA,0.023,0,0,0,0,0,0,0,0,0,0,0,0,0,0,0,0,0,0,NA,NA,NA
"1063",1168,77,1695,15,121212,"English ","striped",0.2,"cloud",0.95,"circle",0.2,"red",0.95,"green",0.2,"solid",0.6,NA,NA,NA,NA,NA,NA,112,223,223,"False",6,10,23,23,0.306,0.065,NA,0.194,0.065,NA,NA,0.306,0.065,0,0,0,0,0,0,0,0,0,0,0,0,0,0,0,0,0,0,NA,NA,NA
"1064",1169,77,413,16,321112,"English ","cloud",0.9,"square",0.9,"striped",0.85,"solid",0,"green",0.05,"circle",0.9,NA,NA,NA,NA,NA,NA,123,213,313,"True",6,22,20,21,0.25,0.25,0.25,0,0.236,NA,NA,NA,0.014,0,0,0,0,0,0,0,0,0,0,0,0,0,0,0,0,0,0,NA,NA,NA
"1065",1170,77,934,17,212121,"English ","striped",0.2,"green",0.9,"square",0.9,"solid",0.7,"circle",0.1,"red",0.15,NA,NA,NA,NA,NA,NA,222,222,313,"False",6,14,14,21,NA,0.034,0.305,0.237,0.068,NA,NA,0.051,0.305,0,0,0,0,0,0,0,0,0,0,0,0,0,0,0,0,0,0,NA,NA,NA
"1066",1171,78,1858,3,123212,"English","square",0.7,"cloud",0.6,"blue",0.55,"striped",0.6,"green",0.65,NA,NA,NA,NA,NA,NA,NA,NA,323,121,121,"True",5,24,4,4,0.194,NA,0.226,NA,0.194,NA,0.177,NA,0.21,0,0,0,0,0,0,0,0,0,0,0,0,0,0,0,0,0,0,NA,NA,NA
"1067",1172,78,924,4,212121,"English","cloud",0,"polka-dotted",0,"blue",1,"circle",1,"green",0,"solid",1,NA,NA,NA,NA,NA,NA,211,211,133,"False",6,2,2,25,0,0.333,NA,0.333,NA,0,0.333,NA,0,0,0,0,0,0,0,0,0,0,0,0,0,0,0,0,0,0,0,NA,NA,NA
"1068",1173,78,2108,5,111112,"English","square",0,"solid",0,"circle",1,"cloud",0,"green",0,"red",0,"blue",1,"striped",1,NA,NA,113,322,221,"True",8,19,15,5,0,0.333,0,0,0.333,NA,0.333,0,0,0,0,0,0,0,0,0,0,0,0,0,0,0,0,0,0,0,0,NA,NA,NA
"1069",1174,78,1356,6,113211,"English","red",0,"green",1,"solid",1,"blue",0,"cloud",0.95,"polka-dotted",0.05,"striped",0.05,NA,NA,NA,NA,113,121,132,"True",7,19,4,16,0.311,NA,NA,0.328,0.016,0.016,0,0,0.328,0,0,0,0,0,0,0,0,0,0,0,0,0,0,0,0,0,0,NA,NA,NA
"1070",1175,78,933,7,212121,"English","cloud",1,"striped",0.95,"square",0,"solid",0.05,"green",1,"blue",0.05,NA,NA,NA,NA,NA,NA,123,123,311,"False",6,22,22,3,0.328,NA,0,0.016,0.311,NA,0.016,NA,0.328,0,0,0,0,0,0,0,0,0,0,0,0,0,0,0,0,0,0,NA,NA,NA
"1071",1176,78,367,8,122132,"English","square",1,"green",0.95,"circle",0,"polka-dotted",0.05,"striped",0.95,NA,NA,NA,NA,NA,NA,NA,NA,233,223,323,"True",5,26,23,24,NA,0,0.339,NA,0.322,0.017,NA,NA,0.322,0,0,0,0,0,0,0,0,0,0,0,0,0,0,0,0,0,0,NA,NA,NA
"1072",1177,78,309,9,213211,"English","cloud",1,"solid",1,"striped",0,"green",0.95,"red",0.05,"polka-dotted",0.05,NA,NA,NA,NA,NA,NA,122,132,113,"True",6,13,16,19,0.328,NA,NA,0.328,0,0.016,NA,0.016,0.311,0,0,0,0,0,0,0,0,0,0,0,0,0,0,0,0,0,0,NA,NA,NA
"1073",1178,78,2352,10,113232,"English","circle",1,"solid",1,"red",1,"striped",0,"polka-dotted",0,NA,NA,NA,NA,NA,NA,NA,NA,212,232,222,"True",5,11,17,14,NA,0.333,NA,0.333,0,0,NA,0.333,NA,0,0,0,0,0,0,0,0,0,0,0,0,0,0,0,0,0,0,NA,NA,NA
"1074",1179,78,1689,11,121212,"English","polka-dotted",0,"green",0.05,"red",1,"square",1,"striped",0.95,"cloud",0,NA,NA,NA,NA,NA,NA,133,322,322,"False",6,25,15,15,0,NA,0.333,NA,0.317,0,NA,0.333,0.017,0,0,0,0,0,0,0,0,0,0,0,0,0,0,0,0,0,0,NA,NA,NA
"1075",1180,78,935,12,212121,"English","solid",0.95,"cloud",0.05,"polka-dotted",0.05,"red",0.95,"green",0.05,"circle",1,NA,NA,NA,NA,NA,NA,133,133,212,"False",6,25,25,11,0.016,0.328,NA,0.311,NA,0.016,NA,0.311,0.016,0,0,0,0,0,0,0,0,0,0,0,0,0,0,0,0,0,0,NA,NA,NA
"1076",1181,78,1381,13,113211,"English","circle",1,"square",0.05,"polka-dotted",0.05,"cloud",0,"solid",1,"red",1,"striped",0.05,NA,NA,NA,NA,332,122,212,"True",7,18,13,11,0,0.317,0.016,0.317,0.016,0.016,NA,0.317,NA,0,0,0,0,0,0,0,0,0,0,0,0,0,0,0,0,0,0,NA,NA,NA
"1077",1182,78,890,14,112122,"English","cloud",1,"striped",1,"square",0.05,"polka-dotted",0.05,"circle",0.05,"blue",0.05,"red",0.95,NA,NA,NA,NA,321,122,231,"True",7,6,13,8,0.317,0.016,0.016,NA,0.317,0.016,0.016,0.302,NA,0,0,0,0,0,0,0,0,0,0,0,0,0,0,0,0,0,0,NA,NA,NA
"1078",1183,78,917,15,212121,"English","striped",0,"red",1,"cloud",1,"solid",1,"circle",0.05,"green",0,NA,NA,NA,NA,NA,NA,223,223,112,"False",6,23,23,10,0.328,0.016,NA,0.328,0,NA,NA,0.328,0,0,0,0,0,0,0,0,0,0,0,0,0,0,0,0,0,0,0,NA,NA,NA
"1079",1184,78,1403,16,322111,"English","blue",0.95,"cloud",1,"red",0,"solid",1,"circle",0,"square",0.05,NA,NA,NA,NA,NA,NA,111,211,312,"True",6,1,2,12,0.333,0,0.017,0.333,NA,NA,0.317,0,NA,0,0,0,0,0,0,0,0,0,0,0,0,0,0,0,0,0,0,NA,NA,NA
"1080",1185,78,65,17,122111,"English","solid",0.95,"polka-dotted",0.05,"striped",0.05,"red",0.95,"circle",0.95,"cloud",0.05,"green",0.05,NA,NA,NA,NA,133,223,212,"True",7,25,23,11,0.016,0.311,NA,0.311,0.016,0.016,NA,0.311,0.016,0,0,0,0,0,0,0,0,0,0,0,0,0,0,0,0,0,0,NA,NA,NA
"1081",1186,79,813,3,112111,"english","striped",1,"circle",0.95,"square",0,"polka-dotted",0,"solid",0,"red",1,"green",1,"blue",0,NA,NA,213,222,331,"True",8,20,14,9,NA,0.241,0,0,0.253,0,0,0.253,0.253,0,0,0,0,0,0,0,0,0,0,0,0,0,0,0,0,0,0,NA,NA,NA
"1082",1187,79,1980,4,323232,"english","cloud",1,"solid",1,"blue",1,NA,NA,NA,NA,NA,NA,NA,NA,NA,NA,NA,NA,111,111,111,"False",3,1,1,1,0.333,NA,NA,0.333,NA,NA,0.333,NA,NA,0,0,0,0,0,0,0,0,0,0,0,0,0,0,0,0,0,0,NA,NA,NA
"1083",1188,79,915,5,212121,"english","solid",1,"square",1,"cloud",1,"green",1,"striped",1,"blue",0,NA,NA,NA,NA,NA,NA,113,113,321,"False",6,19,19,6,0.2,NA,0.2,0.2,0.2,NA,0,NA,0.2,0,0,0,0,0,0,0,0,0,0,0,0,0,0,0,0,0,0,NA,NA,NA
"1084",1189,79,474,6,211111,"english","blue",0,"cloud",1,"solid",1,"square",0,"green",1,"striped",0,"polka-dotted",0,"circle",0,NA,NA,223,113,331,"True",8,23,19,9,0.333,0,0,0.333,0,0,0,NA,0.333,0,0,0,0,0,0,0,0,0,0,0,0,0,0,0,0,0,0,NA,NA,NA
"1085",1190,79,1664,7,121212,"english","cloud",1,"square",0,"solid",1,"blue",0,"green",1,"striped",0,NA,NA,NA,NA,NA,NA,321,113,113,"False",6,6,19,19,0.333,NA,0,0.333,0,NA,0,NA,0.333,0,0,0,0,0,0,0,0,0,0,0,0,0,0,0,0,0,0,NA,NA,NA
"1086",1191,79,1784,8,322132,"english","blue",0,"cloud",1,"striped",1,"green",1,NA,NA,NA,NA,NA,NA,NA,NA,NA,NA,123,123,121,"True",4,22,22,4,0.333,NA,NA,NA,0.333,NA,0,NA,0.333,0,0,0,0,0,0,0,0,0,0,0,0,0,0,0,0,0,0,NA,NA,NA
"1087",1192,79,565,9,213212,"english","red",0,"striped",1,"circle",1,"square",0,"green",1,NA,NA,NA,NA,NA,NA,NA,NA,323,223,222,"True",5,24,23,14,NA,0.333,0,NA,0.333,NA,NA,0,0.333,0,0,0,0,0,0,0,0,0,0,0,0,0,0,0,0,0,0,NA,NA,NA
"1088",1193,79,1871,10,123212,"english","solid",0,"striped",1,"red",0,"square",1,"green",1,NA,NA,NA,NA,NA,NA,NA,NA,312,323,323,"True",5,12,24,24,NA,NA,0.333,0,0.333,NA,NA,0,0.333,0,0,0,0,0,0,0,0,0,0,0,0,0,0,0,0,0,0,NA,NA,NA
"1089",1194,79,1676,11,121212,"english","blue",1,"solid",1,"square",1,"circle",0,"striped",0,"red",0,NA,NA,NA,NA,NA,NA,222,311,311,"False",6,14,3,3,NA,0,0.333,0.333,0,NA,0.333,0,NA,0,0,0,0,0,0,0,0,0,0,0,0,0,0,0,0,0,0,NA,NA,NA
"1090",1195,79,2368,12,113232,"english","blue",1,"cloud",1,"square",1,"circle",1,"polka-dotted",0.95,NA,NA,NA,NA,NA,NA,NA,NA,131,331,231,"True",5,7,9,8,0.202,0.202,0.202,NA,NA,0.192,0.202,NA,NA,0,0,0,0,0,0,0,0,0,0,0,0,0,0,0,0,0,0,NA,NA,NA
"1091",1196,79,1955,13,323232,"english","red",1,"striped",1,"square",1,NA,NA,NA,NA,NA,NA,NA,NA,NA,NA,NA,NA,322,322,322,"False",3,15,15,15,NA,NA,0.333,NA,0.333,NA,NA,0.333,NA,0,0,0,0,0,0,0,0,0,0,0,0,0,0,0,0,0,0,NA,NA,NA
"1092",1197,79,1,14,122112,"english","cloud",0,"polka-dotted",1,"square",1,"solid",1,"blue",1,"green",1,NA,NA,NA,NA,NA,NA,333,311,111,"True",6,27,3,1,0,NA,0.2,0.2,NA,0.2,0.2,NA,0.2,0,0,0,0,0,0,0,0,0,0,0,0,0,0,0,0,0,0,NA,NA,NA
"1093",1198,79,2158,15,121111,"english","red",1,"striped",1,"square",1,"circle",1,"cloud",0.95,"green",0.95,"solid",0.95,"blue",0.8,NA,NA,223,111,312,"True",8,23,1,12,0.124,0.131,0.131,0.124,0.131,NA,0.105,0.131,0.124,0,0,0,0,0,0,0,0,0,0,0,0,0,0,0,0,0,0,NA,NA,NA
"1094",1199,79,224,16,212132,"english","green",1,"polka-dotted",1,"striped",0,"cloud",1,"circle",0,NA,NA,NA,NA,NA,NA,NA,NA,133,133,223,"True",5,25,25,23,0.333,0,NA,NA,0,0.333,NA,NA,0.333,0,0,0,0,0,0,0,0,0,0,0,0,0,0,0,0,0,0,NA,NA,NA
"1095",1200,79,1746,17,212112,"english","polka-dotted",1,"square",1,"solid",0.2,"blue",0,"cloud",0,"red",1,NA,NA,NA,NA,NA,NA,312,332,131,"True",6,12,18,7,0,NA,0.312,0.062,NA,0.312,0,0.312,NA,0,0,0,0,0,0,0,0,0,0,0,0,0,0,0,0,0,0,NA,NA,NA
"1096",1201,80,923,3,212121,"English","polka-dotted",1,"cloud",1,"circle",0.75,"red",0.75,"striped",0.95,"green",1,NA,NA,NA,NA,NA,NA,222,222,133,"False",6,14,14,25,0.183,0.138,NA,NA,0.174,0.183,NA,0.138,0.183,0,0,0,0,0,0,0,0,0,0,0,0,0,0,0,0,0,0,NA,NA,NA
"1097",1202,80,648,4,112121,"English","square",0.75,"cloud",1,"polka-dotted",0.7,"green",1,"solid",1,"red",1,"blue",1,NA,NA,NA,NA,333,332,111,"True",7,27,18,1,0.155,NA,0.116,0.155,NA,0.109,0.155,0.155,0.155,0,0,0,0,0,0,0,0,0,0,0,0,0,0,0,0,0,0,NA,NA,NA
"1098",1203,80,1510,5,322112,"English","polka-dotted",0.7,"striped",1,"circle",0.7,"blue",0,"cloud",0.8,NA,NA,NA,NA,NA,NA,NA,NA,231,131,121,"True",5,8,7,4,0.25,0.219,NA,NA,0.312,0.219,0,NA,NA,0,0,0,0,0,0,0,0,0,0,0,0,0,0,0,0,0,0,NA,NA,NA
"1099",1204,80,1808,6,122121,"English","cloud",1,"green",1,"solid",1,"circle",1,"polka-dotted",0.75,"blue",1,NA,NA,NA,NA,NA,NA,113,133,231,"True",6,19,25,8,0.174,0.174,NA,0.174,NA,0.13,0.174,NA,0.174,0,0,0,0,0,0,0,0,0,0,0,0,0,0,0,0,0,0,NA,NA,NA
"1100",1205,80,1665,7,121212,"English","solid",1,"cloud",0.7,"polka-dotted",0.65,"green",1,"blue",0.7,"circle",1,NA,NA,NA,NA,NA,NA,213,131,131,"False",6,20,7,7,0.139,0.198,NA,0.198,NA,0.129,0.139,NA,0.198,0,0,0,0,0,0,0,0,0,0,0,0,0,0,0,0,0,0,NA,NA,NA
"1101",1206,80,1876,8,123212,"English","square",1,"green",0.7,"circle",0.7,"red",1,"polka-dotted",0.7,NA,NA,NA,NA,NA,NA,NA,NA,332,233,233,"True",5,18,26,26,NA,0.171,0.244,NA,NA,0.171,NA,0.244,0.171,0,0,0,0,0,0,0,0,0,0,0,0,0,0,0,0,0,0,NA,NA,NA
"1102",1207,80,497,9,211111,"English","circle",0.5,"solid",0.5,"square",1,"cloud",1,"polka-dotted",1,"red",0.5,"striped",1,"blue",1,NA,NA,332,222,111,"True",8,18,14,1,0.154,0.077,0.154,0.077,0.154,0.154,0.154,0.077,NA,0,0,0,0,0,0,0,0,0,0,0,0,0,0,0,0,0,0,NA,NA,NA
"1103",1208,80,1322,10,122122,"English","polka-dotted",0.65,"cloud",0.8,"red",0.7,"circle",1,"solid",0.65,"green",1,NA,NA,NA,NA,NA,NA,232,133,112,"True",6,17,25,10,0.167,0.208,NA,0.135,NA,0.135,NA,0.146,0.208,0,0,0,0,0,0,0,0,0,0,0,0,0,0,0,0,0,0,NA,NA,NA
"1104",1209,80,1271,11,111111,"English","polka-dotted",0.95,"red",0.95,"green",0.95,"striped",1,"cloud",1,"square",1,"circle",1,"solid",1,"blue",1,122,311,233,"False",9,13,3,26,0.113,0.113,0.113,0.113,0.113,0.107,0.113,0.107,0.107,0,0,0,0,0,0,0,0,0,0,0,0,0,0,0,0,0,0,NA,NA,NA
"1105",1210,80,1694,12,121212,"English","square",0.65,"striped",0.7,"solid",1,"blue",0.7,"cloud",1,"green",1,NA,NA,NA,NA,NA,NA,113,321,321,"False",6,19,6,6,0.198,NA,0.129,0.198,0.139,NA,0.139,NA,0.198,0,0,0,0,0,0,0,0,0,0,0,0,0,0,0,0,0,0,NA,NA,NA
"1106",1211,80,606,13,112121,"English","striped",1,"circle",0.7,"cloud",1,"blue",1,"solid",1,"polka-dotted",1,"green",0.65,NA,NA,NA,NA,213,233,121,"True",7,20,26,4,0.157,0.11,NA,0.157,0.157,0.157,0.157,NA,0.102,0,0,0,0,0,0,0,0,0,0,0,0,0,0,0,0,0,0,NA,NA,NA
"1107",1212,80,1870,14,123212,"English","circle",1,"green",0.75,"polka-dotted",0.65,"solid",1,"square",0.65,NA,NA,NA,NA,NA,NA,NA,NA,213,333,333,"True",5,20,27,27,NA,0.247,0.16,0.247,NA,0.16,NA,NA,0.185,0,0,0,0,0,0,0,0,0,0,0,0,0,0,0,0,0,0,NA,NA,NA
"1108",1213,80,2397,15,113232,"English","green",1,"striped",0.5,"circle",0.5,"red",1,"blue",1,NA,NA,NA,NA,NA,NA,NA,NA,221,222,223,"True",5,5,14,23,NA,0.125,NA,NA,0.125,NA,0.25,0.25,0.25,0,0,0,0,0,0,0,0,0,0,0,0,0,0,0,0,0,0,NA,NA,NA
"1109",1214,80,939,16,212121,"English","square",0.5,"red",1,"striped",0.5,"polka-dotted",0.5,"cloud",1,"blue",0.5,NA,NA,NA,NA,NA,NA,331,331,122,"False",6,9,9,13,0.25,NA,0.125,NA,0.125,0.125,0.125,0.25,NA,0,0,0,0,0,0,0,0,0,0,0,0,0,0,0,0,0,0,NA,NA,NA
"1110",1215,80,454,17,211111,"English","square",0.5,"red",0.95,"green",0.95,"blue",0.95,"striped",1,"circle",0.95,"polka-dotted",0.95,"solid",0.95,NA,NA,331,313,222,"True",8,9,21,14,NA,0.132,0.069,0.132,0.139,0.132,0.132,0.132,0.132,0,0,0,0,0,0,0,0,0,0,0,0,0,0,0,0,0,0,NA,NA,NA
"1111",1216,81,889,3,112122,"English","striped",1,"circle",1,"polka-dotted",1,"cloud",1,"red",1,"square",0.6,"green",0.6,NA,NA,NA,NA,333,232,123,"True",7,27,17,22,0.161,0.161,0.097,NA,0.161,0.161,NA,0.161,0.097,0,0,0,0,0,0,0,0,0,0,0,0,0,0,0,0,0,0,NA,NA,NA
"1112",1217,81,2124,4,111112,"English","red",1,"green",1,"blue",1,"cloud",1,"circle",1,"polka-dotted",1,"square",0.6,"striped",0.9,NA,NA,132,221,323,"True",8,16,5,24,0.133,0.133,0.08,NA,0.12,0.133,0.133,0.133,0.133,0,0,0,0,0,0,0,0,0,0,0,0,0,0,0,0,0,0,NA,NA,NA
"1113",1218,81,1993,5,323232,"English","striped",0,"red",0,"cloud",0,NA,NA,NA,NA,NA,NA,NA,NA,NA,NA,NA,NA,122,122,122,"False",3,13,13,13,0.333,NA,NA,NA,0.333,NA,NA,0.333,NA,0,0,0,0,0,0,0,0,0,0,0,0,0,0,0,0,0,0,NA,NA,NA
"1114",1219,81,572,6,213212,"English","cloud",0,"green",0.35,"striped",1,"polka-dotted",0.55,"red",1,NA,NA,NA,NA,NA,NA,NA,NA,123,133,132,"True",5,22,25,16,0,NA,NA,NA,0.345,0.19,NA,0.345,0.121,0,0,0,0,0,0,0,0,0,0,0,0,0,0,0,0,0,0,NA,NA,NA
"1115",1220,81,206,7,212132,"English","circle",1,"blue",0,"striped",1,"polka-dotted",0.55,"square",0.55,NA,NA,NA,NA,NA,NA,NA,NA,331,331,221,"True",5,9,9,5,NA,0.323,0.177,NA,0.323,0.177,0,NA,NA,0,0,0,0,0,0,0,0,0,0,0,0,0,0,0,0,0,0,NA,NA,NA
"1116",1221,81,1431,8,322111,"English","polka-dotted",0.55,"blue",1,"square",0,"red",1,"striped",1,"green",1,NA,NA,NA,NA,NA,NA,331,333,322,"True",6,9,27,15,NA,NA,0,NA,0.22,0.121,0.22,0.22,0.22,0,0,0,0,0,0,0,0,0,0,0,0,0,0,0,0,0,0,NA,NA,NA
"1117",1222,81,380,9,122132,"English","green",0.25,"square",1,"cloud",0.55,"solid",0.15,"red",1,NA,NA,NA,NA,NA,NA,NA,NA,112,113,313,"True",5,10,19,21,0.186,NA,0.339,0.051,NA,NA,NA,0.339,0.085,0,0,0,0,0,0,0,0,0,0,0,0,0,0,0,0,0,0,NA,NA,NA
"1118",1223,81,2178,10,121111,"English","polka-dotted",0.6,"red",1,"circle",1,"cloud",1,"square",1,"solid",0.3,"blue",1,"green",1,NA,NA,111,333,232,"True",8,1,27,17,0.145,0.145,0.145,0.043,NA,0.087,0.145,0.145,0.145,0,0,0,0,0,0,0,0,0,0,0,0,0,0,0,0,0,0,NA,NA,NA
"1119",1224,81,1272,11,111111,"English","polka-dotted",1,"circle",1,"square",1,"red",1,"striped",1,"green",1,"blue",1,"cloud",1,"solid",1,122,333,211,"False",9,13,27,2,0.111,0.111,0.111,0.111,0.111,0.111,0.111,0.111,0.111,0,0,0,0,0,0,0,0,0,0,0,0,0,0,0,0,0,0,NA,NA,NA
"1120",1225,81,1942,12,111212,"English","green",1,"circle",1,"red",0.25,"striped",1,"solid",1,"cloud",0.2,"polka-dotted",1,NA,NA,NA,NA,223,132,112,"True",7,23,16,10,0.037,0.183,NA,0.183,0.183,0.183,NA,0.046,0.183,0,0,0,0,0,0,0,0,0,0,0,0,0,0,0,0,0,0,NA,NA,NA
"1121",1226,81,1967,13,323232,"English","cloud",0,"solid",0,"green",0,NA,NA,NA,NA,NA,NA,NA,NA,NA,NA,NA,NA,113,113,113,"False",3,19,19,19,0.333,NA,NA,0.333,NA,NA,NA,NA,0.333,0,0,0,0,0,0,0,0,0,0,0,0,0,0,0,0,0,0,NA,NA,NA
"1122",1227,81,1265,14,111111,"English","polka-dotted",1,"solid",0,"circle",1,"cloud",1,"green",1,"red",1,"square",1,"striped",1,"blue",1,321,112,233,"False",9,6,10,26,0.125,0.125,0.125,0,0.125,0.125,0.125,0.125,0.125,0,0,0,0,0,0,0,0,0,0,0,0,0,0,0,0,0,0,NA,NA,NA
"1123",1228,81,589,15,213212,"English","solid",0.35,"circle",1,"polka-dotted",1,"cloud",0.25,"blue",0,NA,NA,NA,NA,NA,NA,NA,NA,211,111,131,"True",5,2,1,7,0.096,0.385,NA,0.135,NA,0.385,0,NA,NA,0,0,0,0,0,0,0,0,0,0,0,0,0,0,0,0,0,0,NA,NA,NA
"1124",1229,81,1534,16,322112,"English","circle",1,"square",0.35,"green",1,"polka-dotted",0,"red",0.3,NA,NA,NA,NA,NA,NA,NA,NA,232,332,333,"True",5,17,18,27,NA,0.377,0.132,NA,NA,0,NA,0.113,0.377,0,0,0,0,0,0,0,0,0,0,0,0,0,0,0,0,0,0,NA,NA,NA
"1125",1230,81,1659,17,121212,"English","blue",0.3,"square",1,"polka-dotted",1,"cloud",0.4,"green",1,"solid",0.35,NA,NA,NA,NA,NA,NA,333,111,111,"False",6,27,1,1,0.099,NA,0.247,0.086,NA,0.247,0.074,NA,0.247,0,0,0,0,0,0,0,0,0,0,0,0,0,0,0,0,0,0,NA,NA,NA
"1126",1231,82,1251,3,111111,"english","solid",0.8,"square",0.9,"blue",0.85,"green",0.9,"striped",0.85,"circle",1,"red",0.9,"cloud",0.15,"polka-dotted",1,113,231,322,"False",9,19,8,15,0.02,0.136,0.122,0.109,0.116,0.136,0.116,0.122,0.122,0,0,0,0,0,0,0,0,0,0,0,0,0,0,0,0,0,0,NA,NA,NA
"1127",1232,82,914,4,212121,"english","blue",0.85,"polka-dotted",0.85,"square",1,"circle",0.75,"green",1,"striped",1,NA,NA,NA,NA,NA,NA,223,223,331,"False",6,23,23,9,NA,0.138,0.183,NA,0.183,0.156,0.156,NA,0.183,0,0,0,0,0,0,0,0,0,0,0,0,0,0,0,0,0,0,NA,NA,NA
"1128",1233,82,902,5,212121,"english","cloud",1,"red",0.65,"striped",0.8,"green",0.65,"circle",0.75,"solid",0.95,NA,NA,NA,NA,NA,NA,122,122,213,"False",6,13,13,20,0.208,0.156,NA,0.198,0.167,NA,NA,0.135,0.135,0,0,0,0,0,0,0,0,0,0,0,0,0,0,0,0,0,0,NA,NA,NA
"1129",1234,82,742,6,212122,"english","red",0.8,"polka-dotted",1,"circle",0.85,"green",0.55,"square",1,"striped",0.6,NA,NA,NA,NA,NA,NA,332,322,233,"True",6,18,15,26,NA,0.177,0.208,NA,0.125,0.208,NA,0.167,0.115,0,0,0,0,0,0,0,0,0,0,0,0,0,0,0,0,0,0,NA,NA,NA
"1130",1235,82,1384,7,113211,"english","striped",1,"cloud",0.9,"polka-dotted",0.65,"solid",0.75,"square",0.75,"green",0.8,"circle",0.7,NA,NA,NA,NA,313,133,223,"True",7,21,25,23,0.162,0.126,0.135,0.135,0.18,0.117,NA,NA,0.144,0,0,0,0,0,0,0,0,0,0,0,0,0,0,0,0,0,0,NA,NA,NA
"1131",1236,82,1742,8,212112,"english","solid",0.7,"cloud",0.85,"blue",1,"green",1,"polka-dotted",1,"square",0.8,NA,NA,NA,NA,NA,NA,333,133,111,"True",6,27,25,1,0.159,NA,0.15,0.131,NA,0.187,0.187,NA,0.187,0,0,0,0,0,0,0,0,0,0,0,0,0,0,0,0,0,0,NA,NA,NA
"1132",1237,82,731,9,212122,"english","square",1,"blue",0.9,"solid",0.85,"red",0.15,"polka-dotted",0.2,"circle",0.15,NA,NA,NA,NA,NA,NA,311,211,332,"True",6,3,2,18,NA,0.046,0.308,0.262,NA,0.062,0.277,0.046,NA,0,0,0,0,0,0,0,0,0,0,0,0,0,0,0,0,0,0,NA,NA,NA
"1133",1238,82,1659,10,121212,"english","cloud",1,"green",0.2,"blue",1,"solid",0.65,"square",0.25,"polka-dotted",0.25,NA,NA,NA,NA,NA,NA,333,111,111,"False",6,27,1,1,0.299,NA,0.075,0.194,NA,0.075,0.299,NA,0.06,0,0,0,0,0,0,0,0,0,0,0,0,0,0,0,0,0,0,NA,NA,NA
"1134",1239,82,572,11,213212,"english","striped",0.25,"cloud",1,"red",0.25,"green",1,"polka-dotted",0.9,NA,NA,NA,NA,NA,NA,NA,NA,123,133,132,"True",5,22,25,16,0.294,NA,NA,NA,0.074,0.265,NA,0.074,0.294,0,0,0,0,0,0,0,0,0,0,0,0,0,0,0,0,0,0,NA,NA,NA
"1135",1240,82,1720,12,212112,"english","circle",0.25,"polka-dotted",0.25,"cloud",1,"blue",1,"solid",0.4,"red",0.15,NA,NA,NA,NA,NA,NA,211,111,132,"True",6,2,1,16,0.328,0.082,NA,0.131,NA,0.082,0.328,0.049,NA,0,0,0,0,0,0,0,0,0,0,0,0,0,0,0,0,0,0,NA,NA,NA
"1136",1241,82,432,13,321112,"english","red",0.25,"striped",0.1,"blue",0.05,"solid",0.15,"green",0.25,"cloud",1,NA,NA,NA,NA,NA,NA,113,122,121,"True",6,19,13,4,0.556,NA,NA,0.083,0.056,NA,0.028,0.139,0.139,0,0,0,0,0,0,0,0,0,0,0,0,0,0,0,0,0,0,NA,NA,NA
"1137",1242,82,1170,14,212232,"english","blue",1,"circle",1,"green",0.2,"striped",1,"polka-dotted",0.25,NA,NA,NA,NA,NA,NA,NA,NA,221,231,223,"True",5,5,8,23,NA,0.29,NA,NA,0.29,0.072,0.29,NA,0.058,0,0,0,0,0,0,0,0,0,0,0,0,0,0,0,0,0,0,NA,NA,NA
"1138",1243,82,1419,15,322111,"english","polka-dotted",0.35,"green",1,"striped",0.35,"solid",0.2,"cloud",0.2,"square",1,NA,NA,NA,NA,NA,NA,313,323,133,"True",6,21,24,25,0.065,NA,0.323,0.065,0.113,0.113,NA,NA,0.323,0,0,0,0,0,0,0,0,0,0,0,0,0,0,0,0,0,0,NA,NA,NA
"1139",1244,82,1021,16,212212,"english","square",0.25,"red",0.15,"cloud",1,"green",0.95,"polka-dotted",0.15,"striped",0.2,NA,NA,NA,NA,NA,NA,123,333,132,"True",6,22,27,16,0.37,NA,0.093,NA,0.074,0.056,NA,0.056,0.352,0,0,0,0,0,0,0,0,0,0,0,0,0,0,0,0,0,0,NA,NA,NA
"1140",1245,82,1271,17,111111,"english","green",0.1,"blue",0.15,"red",0.15,"polka-dotted",0.1,"solid",0.2,"striped",0.15,"circle",0.15,"square",0.1,"cloud",0.05,122,311,233,"False",9,13,3,26,0.043,0.13,0.087,0.174,0.13,0.087,0.13,0.13,0.087,0,0,0,0,0,0,0,0,0,0,0,0,0,0,0,0,0,0,NA,NA,NA
"1141",1246,83,1163,3,212232,"English","red",0.2,"square",0.6,"cloud",0.35,"solid",0.55,"green",0.65,NA,NA,NA,NA,NA,NA,NA,NA,313,312,113,"True",5,21,12,19,0.149,NA,0.255,0.234,NA,NA,NA,0.085,0.277,0,0,0,0,0,0,0,0,0,0,0,0,0,0,0,0,0,0,NA,NA,NA
"1142",1247,83,1122,4,321212,"English","striped",0.3,"cloud",0.7,"solid",0.6,"blue",0.85,"square",0.35,NA,NA,NA,NA,NA,NA,NA,NA,321,111,111,"True",5,6,1,1,0.25,NA,0.125,0.214,0.107,NA,0.304,NA,NA,0,0,0,0,0,0,0,0,0,0,0,0,0,0,0,0,0,0,NA,NA,NA
"1143",1248,83,1651,5,121212,"English","green",0.65,"solid",0.25,"red",0.25,"square",0.7,"striped",0.7,"cloud",0.35,NA,NA,NA,NA,NA,NA,112,323,323,"False",6,10,24,24,0.121,NA,0.241,0.086,0.241,NA,NA,0.086,0.224,0,0,0,0,0,0,0,0,0,0,0,0,0,0,0,0,0,0,NA,NA,NA
"1144",1249,83,414,6,321112,"English","striped",0.9,"blue",0.3,"square",0.3,"green",0.35,"cloud",0.6,"red",0.35,NA,NA,NA,NA,NA,NA,322,123,121,"True",6,15,22,4,0.214,NA,0.107,NA,0.321,NA,0.107,0.125,0.125,0,0,0,0,0,0,0,0,0,0,0,0,0,0,0,0,0,0,NA,NA,NA
"1145",1250,83,176,7,323212,"English","green",0.95,"striped",0.45,"circle",0.6,"polka-dotted",0.55,NA,NA,NA,NA,NA,NA,NA,NA,NA,NA,223,233,233,"True",4,23,26,26,NA,0.235,NA,NA,0.176,0.216,NA,NA,0.373,0,0,0,0,0,0,0,0,0,0,0,0,0,0,0,0,0,0,NA,NA,NA
"1146",1251,83,530,8,112132,"English","green",0.35,"red",0.3,"blue",0.25,"square",0.2,"solid",0.85,"circle",0.65,NA,NA,NA,NA,NA,NA,211,213,312,"True",6,2,20,12,NA,0.25,0.077,0.327,NA,NA,0.096,0.115,0.135,0,0,0,0,0,0,0,0,0,0,0,0,0,0,0,0,0,0,NA,NA,NA
"1147",1252,83,1990,9,323232,"English","circle",1,"striped",1,"green",0.85,NA,NA,NA,NA,NA,NA,NA,NA,NA,NA,NA,NA,223,223,223,"False",3,23,23,23,NA,0.351,NA,NA,0.351,NA,NA,NA,0.298,0,0,0,0,0,0,0,0,0,0,0,0,0,0,0,0,0,0,NA,NA,NA
"1148",1253,83,1660,10,121212,"English","solid",0.15,"red",0.65,"square",0.65,"green",0.2,"cloud",0.25,"striped",0.65,NA,NA,NA,NA,NA,NA,113,322,322,"False",6,19,15,15,0.098,NA,0.255,0.059,0.255,NA,NA,0.255,0.078,0,0,0,0,0,0,0,0,0,0,0,0,0,0,0,0,0,0,NA,NA,NA
"1149",1254,83,1682,11,121212,"English","cloud",0.65,"square",0.3,"striped",0.65,"green",0.15,"blue",0.65,"polka-dotted",0.35,NA,NA,NA,NA,NA,NA,333,121,121,"False",6,27,4,4,0.236,NA,0.109,NA,0.236,0.127,0.236,NA,0.055,0,0,0,0,0,0,0,0,0,0,0,0,0,0,0,0,0,0,NA,NA,NA
"1150",1255,83,313,12,213211,"English","circle",0.3,"solid",0.65,"square",0.25,"polka-dotted",0.35,"green",1,"cloud",0.35,NA,NA,NA,NA,NA,NA,113,213,333,"True",6,19,20,27,0.121,0.103,0.086,0.224,NA,0.121,NA,NA,0.345,0,0,0,0,0,0,0,0,0,0,0,0,0,0,0,0,0,0,NA,NA,NA
"1151",1256,83,199,13,323212,"English","circle",1,"red",0.65,"solid",0.85,"green",0.35,NA,NA,NA,NA,NA,NA,NA,NA,NA,NA,213,212,212,"True",4,20,11,11,NA,0.351,NA,0.298,NA,NA,NA,0.228,0.123,0,0,0,0,0,0,0,0,0,0,0,0,0,0,0,0,0,0,NA,NA,NA
"1152",1257,83,1585,14,322121,"English","blue",1,"circle",0.6,"solid",0.6,"polka-dotted",0.3,"cloud",0.35,NA,NA,NA,NA,NA,NA,NA,NA,211,211,131,"True",5,2,2,7,0.123,0.211,NA,0.211,NA,0.105,0.351,NA,NA,0,0,0,0,0,0,0,0,0,0,0,0,0,0,0,0,0,0,NA,NA,NA
"1153",1258,83,99,15,122111,"English","striped",0.3,"blue",0.35,"red",0.25,"green",0.25,"circle",0.2,"cloud",0.6,"polka-dotted",0.65,NA,NA,NA,NA,122,133,231,"True",7,13,25,8,0.231,0.077,NA,NA,0.115,0.25,0.135,0.096,0.096,0,0,0,0,0,0,0,0,0,0,0,0,0,0,0,0,0,0,NA,NA,NA
"1154",1259,83,1955,16,323232,"English","striped",1,"red",1,"square",1,NA,NA,NA,NA,NA,NA,NA,NA,NA,NA,NA,NA,322,322,322,"False",3,15,15,15,NA,NA,0.333,NA,0.333,NA,NA,0.333,NA,0,0,0,0,0,0,0,0,0,0,0,0,0,0,0,0,0,0,NA,NA,NA
"1155",1260,83,516,17,112132,"English","polka-dotted",0.4,"striped",0.3,"circle",0.9,"blue",0.3,"solid",0.35,"red",0.65,NA,NA,NA,NA,NA,NA,222,212,231,"True",6,14,11,8,NA,0.31,NA,0.121,0.103,0.138,0.103,0.224,NA,0,0,0,0,0,0,0,0,0,0,0,0,0,0,0,0,0,0,NA,NA,NA
"1156",1261,84,1299,3,111111,"english","red",1,"circle",1,"polka-dotted",1,"striped",1,"square",1,"green",1,"blue",1,"cloud",0.8,"solid",1,122,233,311,"False",9,13,26,3,0.091,0.114,0.114,0.114,0.114,0.114,0.114,0.114,0.114,0,0,0,0,0,0,0,0,0,0,0,0,0,0,0,0,0,0,NA,NA,NA
"1157",1262,84,935,4,212121,"english","cloud",0.7,"circle",1,"green",0.75,"solid",1,"polka-dotted",1,"red",1,NA,NA,NA,NA,NA,NA,133,133,212,"False",6,25,25,11,0.128,0.183,NA,0.183,NA,0.183,NA,0.183,0.138,0,0,0,0,0,0,0,0,0,0,0,0,0,0,0,0,0,0,NA,NA,NA
"1158",1263,84,1420,5,322111,"english","cloud",1,"polka-dotted",0,"circle",1,"striped",1,"square",1,"red",0,NA,NA,NA,NA,NA,NA,232,332,122,"True",6,17,18,13,0.25,0.25,0.25,NA,0.25,0,NA,0,NA,0,0,0,0,0,0,0,0,0,0,0,0,0,0,0,0,0,0,NA,NA,NA
"1159",1264,84,1440,6,322111,"english","polka-dotted",1,"striped",1,"solid",1,"square",1,"green",0,"circle",0,NA,NA,NA,NA,NA,NA,223,233,313,"True",6,23,26,21,NA,0,0.25,0.25,0.25,0.25,NA,NA,0,0,0,0,0,0,0,0,0,0,0,0,0,0,0,0,0,0,0,NA,NA,NA
"1160",1265,84,438,7,321112,"english","solid",1,"green",1,"striped",1,"blue",0,"polka-dotted",1,"cloud",0,NA,NA,NA,NA,NA,NA,123,111,131,"True",6,22,1,7,0,NA,NA,0.25,0.25,0.25,0,NA,0.25,0,0,0,0,0,0,0,0,0,0,0,0,0,0,0,0,0,0,NA,NA,NA
"1161",1266,84,1955,8,323232,"english","striped",1,"red",1,"square",1,NA,NA,NA,NA,NA,NA,NA,NA,NA,NA,NA,NA,322,322,322,"False",3,15,15,15,NA,NA,0.333,NA,0.333,NA,NA,0.333,NA,0,0,0,0,0,0,0,0,0,0,0,0,0,0,0,0,0,0,NA,NA,NA
"1162",1267,84,542,9,112132,"english","green",0,"square",1,"cloud",1,"solid",0,"circle",1,"polka-dotted",1,NA,NA,NA,NA,NA,NA,213,113,333,"True",6,20,19,27,0.25,0.25,0.25,0,NA,0.25,NA,NA,0,0,0,0,0,0,0,0,0,0,0,0,0,0,0,0,0,0,0,NA,NA,NA
"1163",1268,84,1694,10,121212,"english","blue",0.3,"cloud",1,"solid",1,"square",0.3,"green",1,"striped",0.3,NA,NA,NA,NA,NA,NA,113,321,321,"False",6,19,6,6,0.256,NA,0.077,0.256,0.077,NA,0.077,NA,0.256,0,0,0,0,0,0,0,0,0,0,0,0,0,0,0,0,0,0,NA,NA,NA
"1164",1269,84,1034,11,212212,"english","cloud",1,"polka-dotted",1,"green",0,"circle",0,"blue",1,"striped",0,NA,NA,NA,NA,NA,NA,221,123,233,"True",6,5,22,26,0.333,0,NA,NA,0,0.333,0.333,NA,0,0,0,0,0,0,0,0,0,0,0,0,0,0,0,0,0,0,0,NA,NA,NA
"1165",1270,84,2161,12,121111,"english","solid",1,"red",1,"circle",0,"polka-dotted",1,"blue",1,"striped",1,"green",1,"square",1,NA,NA,333,211,222,"True",8,27,2,14,NA,0,0.143,0.143,0.143,0.143,0.143,0.143,0.143,0,0,0,0,0,0,0,0,0,0,0,0,0,0,0,0,0,0,NA,NA,NA
"1166",1271,84,1740,13,212112,"english","red",0,"cloud",0,"green",1,"polka-dotted",1,"square",1,"solid",0,NA,NA,NA,NA,NA,NA,113,112,332,"True",6,19,10,18,0,NA,0.333,0,NA,0.333,NA,0,0.333,0,0,0,0,0,0,0,0,0,0,0,0,0,0,0,0,0,0,NA,NA,NA
"1167",1272,84,2134,14,111112,"english","cloud",1,"green",1,"circle",1,"square",1,"red",1,"solid",0,"polka-dotted",1,"blue",1,NA,NA,133,312,211,"True",8,25,12,2,0.143,0.143,0.143,0,NA,0.143,0.143,0.143,0.143,0,0,0,0,0,0,0,0,0,0,0,0,0,0,0,0,0,0,NA,NA,NA
"1168",1273,84,2231,15,323211,"english","circle",1,"red",0,"square",1,"solid",0,"cloud",1,NA,NA,NA,NA,NA,NA,NA,NA,112,312,212,"True",5,10,12,11,0.333,0.333,0.333,0,NA,NA,NA,0,NA,0,0,0,0,0,0,0,0,0,0,0,0,0,0,0,0,0,0,NA,NA,NA
"1169",1274,84,936,16,212121,"english","circle",1,"square",0,"blue",1,"red",0,"striped",1,"polka-dotted",0,NA,NA,NA,NA,NA,NA,332,332,221,"False",6,18,18,5,NA,0.333,0,NA,0.333,0,0.333,0,NA,0,0,0,0,0,0,0,0,0,0,0,0,0,0,0,0,0,0,NA,NA,NA
"1170",1275,84,1246,17,112112,"english","solid",0,"red",1,"cloud",0,"blue",1,"striped",1,"green",1,"circle",1,NA,NA,NA,NA,212,111,123,"True",7,11,1,22,0,0.2,NA,0,0.2,NA,0.2,0.2,0.2,0,0,0,0,0,0,0,0,0,0,0,0,0,0,0,0,0,0,NA,NA,NA
"1171",1276,85,735,3,212122,"English","red",0,"cloud",0,"solid",0,"square",0,"polka-dotted",1,"blue",0,NA,NA,NA,NA,NA,NA,132,112,331,"True",6,16,10,9,0,NA,0,0,NA,1,0,0,NA,0,0,0,0,0,0,0,0,0,0,0,0,0,0,0,0,0,0,NA,NA,NA
"1172",1277,85,906,4,212121,"English","red",0,"striped",0.5,"square",0,"solid",0,"circle",0,"blue",0,NA,NA,NA,NA,NA,NA,312,312,221,"False",6,12,12,5,NA,0,0,0,1,NA,0,0,NA,0,0,0,0,0,0,0,0,0,0,0,0,0,0,0,0,0,0,NA,NA,NA
"1173",1278,85,114,5,212111,"English","square",0,"solid",0.5,"striped",0,"green",0,"circle",0,"blue",0.5,"cloud",0,NA,NA,NA,NA,311,211,123,"True",7,3,2,22,0,0,0,0.5,0,NA,0.5,NA,0,0,0,0,0,0,0,0,0,0,0,0,0,0,0,0,0,0,0,NA,NA,NA
"1174",1279,85,946,6,212121,"English","cloud",0,"square",0,"red",0,"striped",0,"polka-dotted",0,"blue",0,NA,NA,NA,NA,NA,NA,321,321,132,"False",6,6,6,16,0.167,NA,0.167,NA,0.167,0.167,0.167,0.167,NA,0,0,0,0,0,0,0,0,0,0,0,0,0,0,0,0,0,0,NA,NA,NA
"1175",1280,85,1740,7,212112,"English","cloud",1,"green",0.5,"square",0,"polka-dotted",0,"red",0.5,"solid",1,NA,NA,NA,NA,NA,NA,113,112,332,"True",6,19,10,18,0.333,NA,0,0.333,NA,0,NA,0.167,0.167,0,0,0,0,0,0,0,0,0,0,0,0,0,0,0,0,0,0,NA,NA,NA
"1176",1281,85,1741,8,212112,"English","circle",0,"cloud",1,"solid",0,"red",0.25,"green",0,"polka-dotted",1,NA,NA,NA,NA,NA,NA,133,132,212,"True",6,25,16,11,0.444,0,NA,0,NA,0.444,NA,0.111,0,0,0,0,0,0,0,0,0,0,0,0,0,0,0,0,0,0,0,NA,NA,NA
"1177",1282,85,2208,9,323211,"English","green",0,"solid",0,"circle",1,"red",0,"blue",0,NA,NA,NA,NA,NA,NA,NA,NA,211,212,213,"True",5,2,11,20,NA,1,NA,0,NA,NA,0,0,0,0,0,0,0,0,0,0,0,0,0,0,0,0,0,0,0,0,0,NA,NA,NA
"1178",1283,85,2339,10,123232,"English","red",0,"circle",0,"striped",1,"square",0,NA,NA,NA,NA,NA,NA,NA,NA,NA,NA,222,322,322,"True",4,14,15,15,NA,0,0,NA,1,NA,NA,0,NA,0,0,0,0,0,0,0,0,0,0,0,0,0,0,0,0,0,0,NA,NA,NA
"1179",1284,85,1842,11,122121,"English","striped",0.5,"circle",0,"green",0,"red",0,"polka-dotted",0,"cloud",0.5,NA,NA,NA,NA,NA,NA,122,123,233,"True",6,13,22,26,0.5,0,NA,NA,0.5,0,NA,0,0,0,0,0,0,0,0,0,0,0,0,0,0,0,0,0,0,0,0,NA,NA,NA
"1180",1285,85,167,12,323212,"English","cloud",1,"blue",0.5,"polka-dotted",0,"solid",0,NA,NA,NA,NA,NA,NA,NA,NA,NA,NA,111,131,131,"True",4,1,7,7,0.667,NA,NA,0,NA,0,0.333,NA,NA,0,0,0,0,0,0,0,0,0,0,0,0,0,0,0,0,0,0,NA,NA,NA
"1181",1286,85,1294,13,111111,"English","circle",0,"green",0,"striped",0,"square",0,"solid",0,"cloud",0,"polka-dotted",0,"red",0,"blue",0,112,323,231,"False",9,10,24,8,0.111,0.111,0.111,0.111,0.111,0.111,0.111,0.111,0.111,0,0,0,0,0,0,0,0,0,0,0,0,0,0,0,0,0,0,NA,NA,NA
"1182",1287,85,1995,14,323232,"English","polka-dotted",0.5,"blue",0.5,"cloud",1,NA,NA,NA,NA,NA,NA,NA,NA,NA,NA,NA,NA,131,131,131,"False",3,7,7,7,0.5,NA,NA,NA,NA,0.25,0.25,NA,NA,0,0,0,0,0,0,0,0,0,0,0,0,0,0,0,0,0,0,NA,NA,NA
"1183",1288,85,903,15,212121,"English","green",0,"striped",0,"cloud",0,"solid",0,"red",0,"square",0,NA,NA,NA,NA,NA,NA,323,323,112,"False",6,24,24,10,0.167,NA,0.167,0.167,0.167,NA,NA,0.167,0.167,0,0,0,0,0,0,0,0,0,0,0,0,0,0,0,0,0,0,NA,NA,NA
"1184",1289,85,27,16,122112,"English","cloud",1,"blue",0.15,"square",0,"polka-dotted",0,"red",0,"solid",1,NA,NA,NA,NA,NA,NA,331,111,112,"True",6,9,1,10,0.465,NA,0,0.465,NA,0,0.07,0,NA,0,0,0,0,0,0,0,0,0,0,0,0,0,0,0,0,0,0,NA,NA,NA
"1185",1290,85,1639,17,211112,"English","circle",0,"solid",0,"cloud",0,"polka-dotted",0,"blue",0,"square",0,"green",0.5,NA,NA,NA,NA,233,313,111,"True",7,26,21,1,0,0,0,0,NA,0,0,NA,1,0,0,0,0,0,0,0,0,0,0,0,0,0,0,0,0,0,0,NA,NA,NA
"1186",1291,86,1253,3,111111,"English","circle",0.9,"cloud",0,"square",0.95,"red",0.95,"striped",0.95,"polka-dotted",0.95,"blue",0.95,"green",0.95,"solid",0.95,322,211,133,"False",9,15,2,25,0,0.119,0.126,0.126,0.126,0.126,0.126,0.126,0.126,0,0,0,0,0,0,0,0,0,0,0,0,0,0,0,0,0,0,NA,NA,NA
"1187",1292,86,1877,4,123212,"English","cloud",0.05,"red",0.95,"striped",0.95,"circle",0.95,"green",0,NA,NA,NA,NA,NA,NA,NA,NA,123,222,222,"True",5,22,14,14,0.017,0.328,NA,NA,0.328,NA,NA,0.328,0,0,0,0,0,0,0,0,0,0,0,0,0,0,0,0,0,0,0,NA,NA,NA
"1188",1293,86,1265,5,111111,"English","red",0.8,"polka-dotted",0.95,"green",0.95,"striped",0.95,"square",0.95,"cloud",0.75,"circle",0.95,"blue",0.75,"solid",0.85,321,112,233,"False",9,6,10,26,0.095,0.12,0.12,0.108,0.12,0.12,0.095,0.101,0.12,0,0,0,0,0,0,0,0,0,0,0,0,0,0,0,0,0,0,NA,NA,NA
"1189",1294,86,1593,6,322121,"English","striped",0.95,"blue",0.95,"polka-dotted",0.05,"square",1,"red",0,NA,NA,NA,NA,NA,NA,NA,NA,321,321,332,"True",5,6,6,18,NA,NA,0.339,NA,0.322,0.017,0.322,0,NA,0,0,0,0,0,0,0,0,0,0,0,0,0,0,0,0,0,0,NA,NA,NA
"1190",1295,86,1249,7,112112,"English","solid",0.25,"square",0,"striped",0.65,"red",0.85,"green",0,"blue",0.85,"cloud",0.75,NA,NA,NA,NA,323,122,111,"True",7,24,13,1,0.224,NA,0,0.075,0.194,NA,0.254,0.254,0,0,0,0,0,0,0,0,0,0,0,0,0,0,0,0,0,0,0,NA,NA,NA
"1191",1296,86,4,8,122112,"English","green",0.75,"striped",0.8,"circle",0,"polka-dotted",0.75,"blue",0.75,"cloud",0.8,NA,NA,NA,NA,NA,NA,123,131,231,"True",6,22,7,8,0.208,0,NA,NA,0.208,0.195,0.195,NA,0.195,0,0,0,0,0,0,0,0,0,0,0,0,0,0,0,0,0,0,NA,NA,NA
"1192",1297,86,123,9,212111,"English","circle",0.05,"red",1,"blue",0,"solid",0.85,"striped",0,"square",0.95,"polka-dotted",0.85,NA,NA,NA,NA,312,332,221,"True",7,12,18,5,NA,0.014,0.257,0.23,0,0.23,0,0.27,NA,0,0,0,0,0,0,0,0,0,0,0,0,0,0,0,0,0,0,NA,NA,NA
"1193",1298,86,2336,10,123232,"English","red",0.95,"cloud",0.95,"blue",0.75,"solid",0.25,NA,NA,NA,NA,NA,NA,NA,NA,NA,NA,111,112,112,"True",4,1,10,10,0.328,NA,NA,0.086,NA,NA,0.259,0.328,NA,0,0,0,0,0,0,0,0,0,0,0,0,0,0,0,0,0,0,NA,NA,NA
"1194",1299,86,1973,11,323232,"English","green",1,"circle",1,"striped",1,NA,NA,NA,NA,NA,NA,NA,NA,NA,NA,NA,NA,223,223,223,"False",3,23,23,23,NA,0.333,NA,NA,0.333,NA,NA,NA,0.333,0,0,0,0,0,0,0,0,0,0,0,0,0,0,0,0,0,0,NA,NA,NA
"1195",1300,86,1659,12,121212,"English","solid",0.25,"cloud",0.95,"blue",1,"polka-dotted",0,"square",0,"green",0,NA,NA,NA,NA,NA,NA,333,111,111,"False",6,27,1,1,0.432,NA,0,0.114,NA,0,0.455,NA,0,0,0,0,0,0,0,0,0,0,0,0,0,0,0,0,0,0,0,NA,NA,NA
"1196",1301,86,2275,13,213232,"English","blue",0.95,"circle",1,"polka-dotted",0.75,"striped",0.9,NA,NA,NA,NA,NA,NA,NA,NA,NA,NA,221,221,231,"True",4,5,5,8,NA,0.278,NA,NA,0.25,0.208,0.264,NA,NA,0,0,0,0,0,0,0,0,0,0,0,0,0,0,0,0,0,0,NA,NA,NA
"1197",1302,86,1752,14,322132,"English","polka-dotted",1,"cloud",0.8,"red",1,"circle",0.35,NA,NA,NA,NA,NA,NA,NA,NA,NA,NA,132,132,232,"True",4,16,16,17,0.254,0.111,NA,NA,NA,0.317,NA,0.317,NA,0,0,0,0,0,0,0,0,0,0,0,0,0,0,0,0,0,0,NA,NA,NA
"1198",1303,86,2104,15,111112,"English","red",0.65,"square",0.65,"polka-dotted",0.65,"striped",0.7,"green",1,"circle",0.65,"cloud",0.7,"solid",0.65,NA,NA,112,233,323,"True",8,10,26,24,0.124,0.115,0.115,0.115,0.124,0.115,NA,0.115,0.177,0,0,0,0,0,0,0,0,0,0,0,0,0,0,0,0,0,0,NA,NA,NA
"1199",1304,86,1317,16,122122,"English","blue",0.4,"square",0,"striped",0.95,"polka-dotted",0.6,"red",0.9,"circle",1,NA,NA,NA,NA,NA,NA,322,221,232,"True",6,15,5,17,NA,0.26,0,NA,0.247,0.156,0.104,0.234,NA,0,0,0,0,0,0,0,0,0,0,0,0,0,0,0,0,0,0,NA,NA,NA
"1200",1305,86,931,17,212121,"English","square",0.35,"blue",0.95,"circle",1,"solid",0.85,"striped",0.95,"red",0.35,NA,NA,NA,NA,NA,NA,221,221,312,"False",6,5,5,12,NA,0.225,0.079,0.191,0.213,NA,0.213,0.079,NA,0,0,0,0,0,0,0,0,0,0,0,0,0,0,0,0,0,0,NA,NA,NA
"1201",1306,87,1247,3,112112,"English","solid",0,"striped",1,"square",0,"circle",1,"polka-dotted",0,"blue",0,"green",1,NA,NA,NA,NA,211,223,333,"True",7,2,23,27,NA,0.333,0,0,0.333,0,0,NA,0.333,0,0,0,0,0,0,0,0,0,0,0,0,0,0,0,0,0,0,NA,NA,NA
"1202",1307,87,1684,4,121212,"English","circle",1,"square",0,"red",1,"green",0,"striped",1,"solid",0,NA,NA,NA,NA,NA,NA,222,313,313,"False",6,14,21,21,NA,0.333,0,0,0.333,NA,NA,0.333,0,0,0,0,0,0,0,0,0,0,0,0,0,0,0,0,0,0,0,NA,NA,NA
"1203",1308,87,1695,5,121212,"English","cloud",1,"solid",1,"striped",0,"red",1,"green",0.05,"circle",0,NA,NA,NA,NA,NA,NA,112,223,223,"False",6,10,23,23,0.328,0,NA,0.328,0,NA,NA,0.328,0.016,0,0,0,0,0,0,0,0,0,0,0,0,0,0,0,0,0,0,NA,NA,NA
"1204",1309,87,904,6,212121,"English","solid",1,"cloud",1,"green",0.05,"red",0.95,"striped",0.05,"circle",0,NA,NA,NA,NA,NA,NA,223,223,112,"False",6,23,23,10,0.328,0,NA,0.328,0.016,NA,NA,0.311,0.016,0,0,0,0,0,0,0,0,0,0,0,0,0,0,0,0,0,0,NA,NA,NA
"1205",1310,87,54,7,122111,"English","circle",0.95,"cloud",0,"red",0.05,"polka-dotted",0.95,"green",1,"square",0,"striped",0,NA,NA,NA,NA,233,132,322,"True",7,26,16,15,0,0.322,0,NA,0,0.322,NA,0.017,0.339,0,0,0,0,0,0,0,0,0,0,0,0,0,0,0,0,0,0,NA,NA,NA
"1206",1311,87,2137,8,111112,"English","circle",0.05,"striped",0.05,"blue",0.95,"cloud",0,"polka-dotted",0,"red",0,"solid",0.95,"square",0.95,NA,NA,122,231,311,"True",8,13,8,3,0,0.017,0.322,0.322,0.017,0,0.322,0,NA,0,0,0,0,0,0,0,0,0,0,0,0,0,0,0,0,0,0,NA,NA,NA
"1207",1312,87,2281,9,213232,"English","polka-dotted",0.95,"cloud",0.95,"striped",0.05,"green",0.95,NA,NA,NA,NA,NA,NA,NA,NA,NA,NA,123,123,133,"True",4,22,22,25,0.328,NA,NA,NA,0.017,0.328,NA,NA,0.328,0,0,0,0,0,0,0,0,0,0,0,0,0,0,0,0,0,0,NA,NA,NA
"1208",1313,87,1499,10,123211,"English","striped",0.95,"polka-dotted",0.05,"circle",0,"blue",1,"square",0,"solid",0.95,NA,NA,NA,NA,NA,NA,231,311,321,"True",6,8,3,6,NA,0,0,0.322,0.322,0.017,0.339,NA,NA,0,0,0,0,0,0,0,0,0,0,0,0,0,0,0,0,0,0,NA,NA,NA
"1209",1314,87,1961,11,323232,"English","green",1,"solid",1,"square",1,NA,NA,NA,NA,NA,NA,NA,NA,NA,NA,NA,NA,313,313,313,"False",3,21,21,21,NA,NA,0.333,0.333,NA,NA,NA,NA,0.333,0,0,0,0,0,0,0,0,0,0,0,0,0,0,0,0,0,0,NA,NA,NA
"1210",1315,87,367,12,122132,"English","square",0.05,"circle",1,"polka-dotted",1,"green",1,"striped",0,NA,NA,NA,NA,NA,NA,NA,NA,233,223,323,"True",5,26,23,24,NA,0.328,0.016,NA,0,0.328,NA,NA,0.328,0,0,0,0,0,0,0,0,0,0,0,0,0,0,0,0,0,0,NA,NA,NA
"1211",1316,87,1737,13,212112,"English","blue",1,"striped",0,"polka-dotted",1,"square",1,"red",0,"cloud",0,NA,NA,NA,NA,NA,NA,331,332,122,"True",6,9,18,13,0,NA,0.333,NA,0,0.333,0.333,0,NA,0,0,0,0,0,0,0,0,0,0,0,0,0,0,0,0,0,0,NA,NA,NA
"1212",1317,87,1458,14,123211,"English","solid",1,"circle",0,"cloud",1,"polka-dotted",0,"square",0,"red",1,NA,NA,NA,NA,NA,NA,112,232,332,"True",6,10,17,18,0.333,0,0,0.333,NA,0,NA,0.333,NA,0,0,0,0,0,0,0,0,0,0,0,0,0,0,0,0,0,0,NA,NA,NA
"1213",1318,87,336,15,213211,"English","striped",0,"circle",0,"polka-dotted",1,"blue",1,"cloud",0,"square",1,NA,NA,NA,NA,NA,NA,221,121,331,"True",6,5,4,9,0,0,0.333,NA,0,0.333,0.333,NA,NA,0,0,0,0,0,0,0,0,0,0,0,0,0,0,0,0,0,0,NA,NA,NA
"1214",1319,87,2000,16,323232,"English","striped",1,"circle",1,"blue",1,NA,NA,NA,NA,NA,NA,NA,NA,NA,NA,NA,NA,221,221,221,"False",3,5,5,5,NA,0.333,NA,NA,0.333,NA,0.333,NA,NA,0,0,0,0,0,0,0,0,0,0,0,0,0,0,0,0,0,0,NA,NA,NA
"1215",1320,87,1806,17,122121,"English","circle",1,"cloud",0,"green",0,"solid",1,"striped",0,"blue",1,NA,NA,NA,NA,NA,NA,211,111,123,"True",6,2,1,22,0,0.333,NA,0.333,0,NA,0.333,NA,0,0,0,0,0,0,0,0,0,0,0,0,0,0,0,0,0,0,0,NA,NA,NA
"1216",1321,88,1966,3,323232,"English","cloud",0.05,"green",1,"polka-dotted",0.9,NA,NA,NA,NA,NA,NA,NA,NA,NA,NA,NA,NA,133,133,133,"False",3,25,25,25,0.026,NA,NA,NA,NA,0.462,NA,NA,0.513,0,0,0,0,0,0,0,0,0,0,0,0,0,0,0,0,0,0,NA,NA,NA
"1217",1322,88,1780,4,322132,"English","blue",0.05,"striped",1,"circle",1,"red",0.05,NA,NA,NA,NA,NA,NA,NA,NA,NA,NA,221,221,222,"True",4,5,5,14,NA,0.476,NA,NA,0.476,NA,0.024,0.024,NA,0,0,0,0,0,0,0,0,0,0,0,0,0,0,0,0,0,0,NA,NA,NA
"1218",1323,88,941,5,212121,"English","polka-dotted",0.05,"green",0.05,"circle",1,"blue",0.05,"solid",0.05,"cloud",0.05,NA,NA,NA,NA,NA,NA,211,211,133,"False",6,2,2,25,0.04,0.8,NA,0.04,NA,0.04,0.04,NA,0.04,0,0,0,0,0,0,0,0,0,0,0,0,0,0,0,0,0,0,NA,NA,NA
"1219",1324,88,588,6,213212,"English","square",0.05,"circle",0.05,"red",1,"solid",0,"polka-dotted",0.05,NA,NA,NA,NA,NA,NA,NA,NA,332,232,212,"True",5,18,17,11,NA,0.043,0.043,0,NA,0.043,NA,0.87,NA,0,0,0,0,0,0,0,0,0,0,0,0,0,0,0,0,0,0,NA,NA,NA
"1220",1325,88,456,7,211111,"English","square",0,"blue",0.05,"polka-dotted",0.7,"green",0.05,"red",0.05,"striped",0,"cloud",0.05,"circle",0.05,NA,NA,332,233,121,"True",8,18,26,4,0.053,0.053,0,NA,0,0.737,0.053,0.053,0.053,0,0,0,0,0,0,0,0,0,0,0,0,0,0,0,0,0,0,NA,NA,NA
"1221",1326,88,856,8,112122,"English","circle",0.05,"square",0.05,"green",0.05,"solid",0.05,"blue",0,"polka-dotted",0.65,"red",0.05,NA,NA,NA,NA,231,212,333,"True",7,8,11,27,NA,0.056,0.056,0.056,NA,0.722,0,0.056,0.056,0,0,0,0,0,0,0,0,0,0,0,0,0,0,0,0,0,0,NA,NA,NA
"1222",1327,88,1288,9,111111,"English","cloud",0,"polka-dotted",0,"solid",0,"circle",0,"red",0.05,"green",0.4,"square",0.05,"striped",0.1,"blue",0,311,233,122,"False",9,3,26,13,0,0,0.083,0,0.167,0,0,0.083,0.667,0,0,0,0,0,0,0,0,0,0,0,0,0,0,0,0,0,0,NA,NA,NA
"1223",1328,88,993,10,121112,"English","polka-dotted",0.75,"striped",0,"square",0,"red",0.05,"circle",0.05,"green",0.05,"blue",0.05,NA,NA,NA,NA,222,331,333,"True",7,14,9,27,NA,0.053,0,NA,0,0.789,0.053,0.053,0.053,0,0,0,0,0,0,0,0,0,0,0,0,0,0,0,0,0,0,NA,NA,NA
"1224",1329,88,1979,11,323232,"English","square",0.95,"green",0.95,"solid",1,NA,NA,NA,NA,NA,NA,NA,NA,NA,NA,NA,NA,313,313,313,"False",3,21,21,21,NA,NA,0.328,0.345,NA,NA,NA,NA,0.328,0,0,0,0,0,0,0,0,0,0,0,0,0,0,0,0,0,0,NA,NA,NA
"1225",1330,88,927,12,212121,"English","green",0.05,"polka-dotted",0.8,"blue",0.75,"solid",0.05,"cloud",0.05,"circle",0,NA,NA,NA,NA,NA,NA,131,131,213,"False",6,7,7,20,0.029,0,NA,0.029,NA,0.471,0.441,NA,0.029,0,0,0,0,0,0,0,0,0,0,0,0,0,0,0,0,0,0,NA,NA,NA
"1226",1331,88,266,13,212222,"English","cloud",0.05,"red",0.05,"solid",0.05,"circle",0.05,"blue",0.7,"polka-dotted",0.8,NA,NA,NA,NA,NA,NA,231,212,131,"True",6,8,11,7,0.029,0.029,NA,0.029,NA,0.471,0.412,0.029,NA,0,0,0,0,0,0,0,0,0,0,0,0,0,0,0,0,0,0,NA,NA,NA
"1227",1332,88,28,14,122112,"English","solid",0.05,"polka-dotted",0,"red",0.05,"circle",0.75,"cloud",0,"green",0.85,NA,NA,NA,NA,NA,NA,113,233,232,"True",6,19,26,17,0,0.441,NA,0.029,NA,0,NA,0.029,0.5,0,0,0,0,0,0,0,0,0,0,0,0,0,0,0,0,0,0,NA,NA,NA
"1228",1333,88,730,15,212122,"English","green",0.05,"solid",0.05,"striped",0.8,"blue",0.8,"cloud",0.1,"square",0.7,NA,NA,NA,NA,NA,NA,321,323,111,"True",6,6,24,1,0.04,NA,0.28,0.02,0.32,NA,0.32,NA,0.02,0,0,0,0,0,0,0,0,0,0,0,0,0,0,0,0,0,0,NA,NA,NA
"1229",1334,88,2072,16,321111,"English","square",0.05,"red",0.9,"cloud",0,"circle",0.05,"solid",0,"polka-dotted",0,"striped",0.05,NA,NA,NA,NA,322,112,232,"True",7,15,10,17,0,0.048,0.048,0,0.048,0,NA,0.857,NA,0,0,0,0,0,0,0,0,0,0,0,0,0,0,0,0,0,0,NA,NA,NA
"1230",1335,88,745,17,212122,"English","striped",0.05,"cloud",0.05,"blue",0.85,"square",0.8,"polka-dotted",0.05,"red",0,NA,NA,NA,NA,NA,NA,321,322,131,"True",6,6,15,7,0.028,NA,0.444,NA,0.028,0.028,0.472,0,NA,0,0,0,0,0,0,0,0,0,0,0,0,0,0,0,0,0,0,NA,NA,NA
